Vernier Format 2
Untitled.cmbl 10/31/2024 11:37:58 .
Latest
Time	Position	Velocity 1	Acceleration 1	Angle 2	Velocity 2	Acceleration 2
t	x	v 1	acc 1	Angle 2	v 2	acc 2
s	m	m/s	m/s²	rad	rad/s	rad/s²

0.05	0.9444505	-0.0375394444444	-1.12856527778	0	-0.48481368111	-4.75656089355
0.1	0.944279	-0.0875126388889	-1.27743680556	-0.0174532925199	-0.693283563987	-5.20636025325
0.15	0.9389625	-0.159495	-1.40526782407	-0.0523598775598	-1.01810873033	-5.1115522445
0.2	0.9286725	-0.237622777778	-1.35180640432	-0.12217304764	-1.28960439175	-3.60647510559
0.25	0.914438	-0.305174722222	-1.06872554012	-0.191986217719	-1.38656712797	-1.75879629869
0.3	0.897288	-0.350526944444	-0.625022222222	-0.261799387799	-1.42535222246	-0.360916851493
0.35	0.878423	-0.370630555556	-0.10030632716	-0.331612557879	-1.46413731695	1.7183951586
0.4	0.8590435	-0.361674444444	0.448705401235	-0.418879020479	-1.29930066537	4.46028586621
0.45	0.841036	-0.3232775	0.946002469136	-0.471238898038	-0.940538541353	5.82315099199
0.5	0.825944	-0.263538333333	1.36072546296	-0.506145483078	-0.669042879931	6.21638875556
0.55	0.813939	-0.184648333333	1.69652669753	-0.541052068118	-0.339369576777	6.78739153553
0.6	0.806736	-0.0888941666667	1.90666712963	-0.541052068118	0.00969627362219	7.28836567268
0.65	0.8048495	0.0126719444444	1.9592816358	-0.541052068118	0.387850944888	7.67621661757
0.7	0.808108	0.112427777778	1.87067330247	-0.506145483078	0.824183257886	7.00286428269
0.75	0.81634	0.2049425	1.64767037037	-0.453785605519	1.15385656104	4.99896773411
0.8	0.8292025	0.282498611111	1.29540725309	-0.383972435439	1.33808575986	2.62876751535
0.85	0.845495	0.337950277778	0.849824845679	-0.314159265359	1.38656712797	0.737994159022
0.9	0.8638455	0.37044	0.330772685185	-0.244346095279	1.38656712797	-0.69489960959
0.95	0.8837395	0.373298333333	-0.235071450617	-0.174532925199	1.33808575986	-2.44022886158
1	0.902433	0.3455725	-0.772755709877	-0.10471975512	1.16355283466	-4.49260677828
1.05	0.91924	0.292979166667	-1.2389816358	-0.0523598775598	0.862968352375	-6.04401055783
1.1	0.932617	0.218090833333	-1.61082962963	-0.0174532925199	0.523598775598	-6.88974109043
1.15	0.9417065	0.12691	-1.85749320988	0	0.164836651577	-7.40148886494
1.2	0.945651	0.0267730555556	-1.96441604938	0	-0.213318019688	-7.74624526039
1.25	0.9444505	-0.0751741666667	-1.92625200617	-0.0174532925199	-0.649650332687	-7.23449748589
1.3	0.9379335	-0.171595277778	-1.74363626543	-0.0698131700798	-0.989019909463	-5.6938673437
1.35	0.926786	-0.255153888889	-1.42641419753	-0.12217304764	-1.21203420277	-4.11014265207
1.4	0.9115225	-0.317656111111	-1.01740787037	-0.191986217719	-1.38656712797	-2.5910597846
1.45	0.894201	-0.358530277778	-0.55393441358	-0.261799387799	-1.50292241144	-0.490200499789
1.5	0.8748215	-0.376156666667	-0.0237135802469	-0.349065850399	-1.47383359057	2.26246384518
1.55	0.8552705	-0.362436666667	0.534508333333	-0.418879020479	-1.24112302364	4.41719131678
1.6	0.8374345	-0.320323888889	1.04276234568	-0.471238898038	-0.998716183086	5.83392462935
1.65	0.8223425	-0.2546775	1.46706604938	-0.523598775598	-0.659346606309	7.0513456508
1.7	0.811195	-0.169594444444	1.78603487654	-0.541052068118	-0.242406840555	7.25604476061
1.75	0.8048495	-0.0710772222222	1.97579645062	-0.541052068118	0.0678739153553	7.26143157929
1.8	0.8038205	0.0339188888889	2.01385462963	-0.541052068118	0.48481368111	7.09444020024
1.85	0.8082795	0.137295277778	1.88141851852	-0.488692190558	0.824183257886	6.05478419519
1.9	0.818055	0.228571388889	1.59182700617	-0.453785605519	1.07628637206	5.07977001429
1.95	0.8319465	0.300410833333	1.19647716049	-0.383972435439	1.34778203348	3.59300805889
2	0.848925	0.350622222222	0.731945061728	-0.314159265359	1.49322613782	1.04504282373
2.05	0.8679615	0.376061388889	0.209399382716	-0.226892802759	1.47383359057	-1.85306562557
2.1	0.887684	0.372821944444	-0.339612345679	-0.157079632679	1.25081929726	-3.71151806983
2.15	0.9063775	0.341189722222	-0.866180864198	-0.10471975512	1.0471975512	-4.47105950357
2.2	0.9228415	0.283356111111	-1.32298487654	-0.0523598775598	0.824183257886	-5.41375277239
2.25	0.9355325	0.204751944444	-1.6764125	-0.0174532925199	0.513902501976	-6.45340877744
2.3	0.943936	0.1106175	-1.90322654321	0	0.164836651577	-7.22911066721
2.35	0.9468515	0.00924194444445	-1.99575185185	0	-0.213318019688	-7.74085844172
2.4	0.944965	-0.0942297222222	-1.94895987654	-0.0174532925199	-0.649650332687	-7.37455477154
2.45	0.9372475	-0.192270555556	-1.74157191358	-0.0698131700798	-0.998716183086	-5.98475555236
2.5	0.925071	-0.274304722222	-1.39126728395	-0.12217304764	-1.24112302364	-4.44951222885
2.55	0.90895	-0.334996666667	-0.944732098765	-0.191986217719	-1.47383359057	-2.26785066386
2.6	0.8905995	-0.370821111111	-0.439389351852	-0.279252680319	-1.50292241144	0.490200499789
2.65	0.870877	-0.38073	0.107928549383	-0.349065850399	-1.38656712797	2.58567296592
2.7	0.851326	-0.360721666667	0.665144753086	-0.418879020479	-1.21203420277	4.07782174
2.75	0.8336615	-0.312320555556	1.17361049383	-0.471238898038	-0.989019909463	5.54842323936
2.8	0.819084	-0.238956666667	1.57748240741	-0.523598775598	-0.659346606309	6.93822245855
2.85	0.809137	-0.149014444444	1.84643040123	-0.541052068118	-0.242406840555	7.37455477154
2.9	0.8038205	-0.0493538888889	1.98442438272	-0.541052068118	0.0775701889775	7.57925388135
2.95	0.803992	0.05488	1.98161898148	-0.541052068118	0.513902501976	7.57925388135
3	0.80948	0.154826388889	1.83002145062	-0.488692190558	0.921145994108	6.0278501018
3.05	0.8199415	0.243244166667	1.54286481481	-0.436332312999	1.10537519293	4.47105950357
3.1	0.834519	0.313559166667	1.14116311728	-0.383972435439	1.34778203348	3.09742074042
3.15	0.8521835	0.3610075	0.649900308642	-0.296705972839	1.47383359057	0.727220521664
3.2	0.8717345	0.380825277778	0.104223302469	-0.226892802759	1.40595967522	-1.40057285654
3.25	0.891457	0.371106944444	-0.440659722222	-0.157079632679	1.31869321262	-3.25902530079
3.3	0.9098075	0.335663611111	-0.957118209877	-0.0872664625997	1.06659009844	-4.78888180563
3.35	0.9261	0.273637777778	-1.41995648148	-0.0523598775598	0.824183257886	-5.90934009086
3.4	0.938105	0.188935833333	-1.76798503086	0	0.48481368111	-7.06211928816
3.45	0.9454795	0.0910855555556	-1.97362623457	0	0.0678739153553	-7.25604476061
3.5	0.9475375	-0.0144822222222	-2.02502330247	0	-0.242406840555	-7.25604476061
3.55	0.943936	-0.117858611111	-1.91582438272	-0.0174532925199	-0.659346606309	-7.0513456508
3.6	0.935361	-0.211611944444	-1.66466157407	-0.0698131700798	-0.998716183086	-5.83931144803
3.65	0.9221555	-0.289263333333	-1.2903257716	-0.12217304764	-1.24112302364	-4.44951222885
3.7	0.90552	-0.344333888889	-0.825264351852	-0.191986217719	-1.47383359057	-2.40790794951
3.75	0.886655	-0.373107777778	-0.318016049383	-0.279252680319	-1.51261868506	0.199312291123
3.8	0.8672755	-0.376823611111	0.209452314815	-0.349065850399	-1.41565594884	2.25169020782
3.85	0.847896	-0.353099444444	0.747930555556	-0.418879020479	-1.29930066537	4.43335177281
3.9	0.830746	-0.300125	1.23797592593	-0.488692190558	-0.989019909463	6.67426834327
3.95	0.817026	-0.224950833333	1.62565061728	-0.523598775598	-0.562383870087	7.55770660663
4	0.8075935	-0.132817222222	1.89121095679	-0.541052068118	-0.184229198822	7.40687568362
4.05	0.803306	-0.0301077777778	2.01163148148	-0.541052068118	0.174532925199	7.11060065627
4.1	0.8045065	0.0746025	1.97738441358	-0.523598775598	0.523598775598	6.7442969861
4.15	0.8110235	0.173310277778	1.79810339506	-0.488692190558	0.862968352375	6.01168964576
4.2	0.8223425	0.259250833333	1.48987978395	-0.436332312999	1.16355283466	4.4872199596
4.25	0.837606	0.327374444444	1.05710694444	-0.366519142919	1.33808575986	2.44022886158
4.3	0.856128	0.369487222222	0.521910493827	-0.296705972839	1.38656712797	0.69489960959
4.35	0.8758505	0.380444166667	-0.0409165123457	-0.226892802759	1.38656712797	-0.737994159022
4.4	0.89523	0.363865833333	-0.576060030864	-0.157079632679	1.33808575986	-2.62338069667
4.45	0.9132375	0.321276666667	-1.06827561728	-0.0872664625997	1.15385656104	-4.96664682203
4.5	0.9283295	0.254486944444	-1.49019737654	-0.0349065850399	0.824183257886	-6.86280699704
4.55	0.939477	0.167974722222	-1.80318487654	0	0.39754721851	-7.41764932098
4.6	0.945651	0.0684094444444	-1.97283225309	0	0.0387850944888	-7.09444020024
4.65	0.9465085	-0.0358244444444	-1.98304814815	0	-0.261799387799	-7.40687568362
4.7	0.941878	-0.135866111111	-1.84484243827	-0.0174532925199	-0.698131700798	-7.57386706267
4.75	0.9324455	-0.224569722222	-1.59008024691	-0.0698131700798	-1.11507146655	-6.0009160084
4.8	0.918897	-0.298886388889	-1.22844814815	-0.13962634016	-1.33808575986	-3.57684760285
4.85	0.901747	-0.352146666667	-0.756823148148	-0.209439510239	-1.42535222246	-1.73455561464
4.9	0.882539	-0.377585833333	-0.213845679012	-0.279252680319	-1.51261868506	0.166991379049
4.95	0.8628165	-0.373679444444	0.339506481481	-0.366519142919	-1.46413731695	2.92504254269
5	0.844123	-0.342523611111	0.865175154321	-0.436332312999	-1.20233792915	5.30062958013
5.05	0.8274875	-0.284785277778	1.329125	-0.488692190558	-0.872664625997	6.48034287083
5.1	0.8147965	-0.205418888889	1.68991018519	-0.523598775598	-0.523598775598	6.88974109043
5.15	0.806393	-0.111379722222	1.93149228395	-0.541052068118	-0.174532925199	6.96515655194
5.2	0.8031345	-0.0060025	2.01708348765	-0.541052068118	0.174532925199	6.93822245855
5.25	0.8058785	0.0979455555556	1.92471697531	-0.523598775598	0.523598775598	6.7442969861
5.3	0.8134245	0.1912225	1.70324907407	-0.488692190558	0.862968352375	6.18406784349
5.35	0.8254295	0.272113333333	1.37417021605	-0.436332312999	1.17324910829	4.9235522726
5.4	0.841379	0.3335675	0.930969753086	-0.366519142919	1.37687085435	3.07048664703
5.45	0.859901	0.368248611111	0.413823148148	-0.296705972839	1.50292241144	0.711060065627
5.5	0.8792805	0.375489722222	-0.124496296296	-0.209439510239	1.47383359057	-2.04160427934
5.55	0.8984885	0.355671944444	-0.656252160494	-0.13962634016	1.25081929726	-3.93237763567
5.6	0.9159815	0.308128333333	-1.14148070988	-0.0872664625997	1.03750127757	-4.98280727807
5.65	0.930216	0.2375275	-1.53264891975	-0.0349065850399	0.785398163397	-6.37799331593
5.7	0.9403345	0.150729444444	-1.81678842593	0	0.378154671265	-7.27220521664
5.75	0.9458225	0.0511641666667	-1.9767492284	0	0.00969627362219	-7.26143157929
5.8	0.945651	-0.053165	-1.98241296296	0	-0.349065850399	-7.0782797442
5.85	0.9403345	-0.153397222222	-1.83007438272	-0.0349065850399	-0.698131700798	-6.73352334874
5.9	0.929873	-0.242196111111	-1.52883780864	-0.0698131700798	-1.03750127757	-5.96859509633
5.95	0.9152955	-0.310986666667	-1.1105154321	-0.13962634016	-1.33808575986	-4.25558675641
6	0.8978025	-0.355671944444	-0.62295787037	-0.209439510239	-1.50292241144	-1.70223470256
6.05	0.878766	-0.374918055556	-0.0924723765432	-0.296705972839	-1.51261868506	1.00194827429
6.1	0.859215	-0.366247777778	0.459662345679	-0.366519142919	-1.37687085435	3.21593075136
6.15	0.8408645	-0.327183888889	0.96939845679	-0.436332312999	-1.17324910829	4.95587318468
6.2	0.825601	-0.264872222222	1.38099845679	-0.488692190558	-0.862968352375	6.19484148084
6.25	0.8137675	-0.185601111111	1.69848518519	-0.523598775598	-0.523598775598	6.78200471685
6.3	0.806393	-0.0910855555556	1.90740817901	-0.541052068118	-0.174532925199	7.11598747495
6.35	0.804335	0.0111475	1.97023858025	-0.541052068118	0.184229198822	7.40148886494
6.4	0.8075935	0.111951388889	1.88279475309	-0.523598775598	0.562383870087	7.51999887588
6.45	0.8158255	0.2049425	1.65381049383	-0.488692190558	0.989019909463	6.49650332687
6.5	0.828688	0.282593888889	1.29514259259	-0.418879020479	1.28960439175	3.99163264114
6.55	0.8449805	0.338236111111	0.840402932099	-0.349065850399	1.37687085435	1.5891115103
6.6	0.8635025	0.368725	0.327596759259	-0.279252680319	1.3962634016	0.043094549432
6.65	0.882882	0.372440833333	-0.218609567901	-0.209439510239	1.37687085435	-1.36286512579
6.7	0.9019185	0.347001666667	-0.761216512346	-0.13962634016	1.29930066537	-3.3344407623
6.75	0.9187255	0.293550833333	-1.23771126543	-0.0698131700798	1.03750127757	-5.20905366259
6.8	0.9321025	0.2186625	-1.60484830247	-0.0349065850399	0.727220521664	-6.21638875556
6.85	0.941192	0.128243888889	-1.8479654321	0	0.436332312999	-7.40148886494
6.9	0.945308	0.0284880555556	-1.95314151235	0.0174532925199	-0.00969627362219	-8.41421077659
6.95	0.9441075	-0.0729827777778	-1.90989598765	0	-0.475117407487	-8.03174665038
7	0.937762	-0.168165277778	-1.72468657407	-0.0349065850399	-0.853272078753	-6.6688815246
7.05	0.926786	-0.250580555556	-1.41286358025	-0.0872664625997	-1.16355283466	-4.70807952544
7.1	0.9118655	-0.312796944444	-1.01073842593	-0.157079632679	-1.33808575986	-2.48332341102
7.15	0.8947155	-0.353956944444	-0.544194907407	-0.226892802759	-1.38656712797	-0.705673246948
7.2	0.8755075	-0.370058888889	-0.016250154321	-0.296705972839	-1.38656712797	0.700286428269
7.25	0.856471	-0.356243611111	0.524027777778	-0.366519142919	-1.33808575986	2.44022886158
7.3	0.8388065	-0.315369444444	1.01502592593	-0.436332312999	-1.16355283466	4.49260677828
7.35	0.8240575	-0.251533333333	1.42625540123	-0.488692190558	-0.862968352375	6.04401055783
7.4	0.81291	-0.169022777778	1.73786666667	-0.523598775598	-0.523598775598	6.88974109043
7.45	0.8065645	-0.0724111111111	1.91778287037	-0.541052068118	-0.164836651577	7.40148886494
7.5	0.8055355	0.0285833333333	1.95160648148	-0.541052068118	0.213318019688	7.74624526039
7.55	0.80948	0.127958055556	1.84537175926	-0.523598775598	0.649650332687	7.23449748589
7.6	0.8185695	0.219710555556	1.58081712963	-0.471238898038	0.989019909463	5.6938673437
7.65	0.8322895	0.291835833333	1.17996234568	-0.418879020479	1.21203420277	4.11014265207
7.7	0.8487535	0.339760555556	0.713895216049	-0.349065850399	1.38656712797	2.5910597846
7.75	0.867104	0.364628055556	0.207917283951	-0.279252680319	1.50292241144	0.490200499789
7.8	0.886312	0.362055555556	-0.325108950617	-0.191986217719	1.47383359057	-2.26246384518
7.85	0.904491	0.330804444444	-0.828175617284	-0.12217304764	1.24112302364	-4.4118044981
7.9	0.920269	0.276400833333	-1.26348919753	-0.0698131700798	0.998716183086	-5.80160371728
7.95	0.93296	0.201131388889	-1.60955925926	-0.0174532925199	0.659346606309	-6.90590154647
8	0.9410205	0.110426944444	-1.83113302469	0	0.252103114177	-6.96515655194
8.05	0.944279	0.0122908333333	-1.91270138889	0	-0.0387850944888	-6.92206200251
8.1	0.942221	-0.0858452777778	-1.86188657407	0	-0.39754721851	-7.41764932098
8.15	0.9355325	-0.178931666667	-1.67921790123	-0.0349065850399	-0.824183257886	-7.04057201345
8.2	0.9238705	-0.2598225	-1.35389722222	-0.0872664625997	-1.16355283466	-5.44068686578
8.25	0.908607	-0.318513611111	-0.924035648148	-0.157079632679	-1.37687085435	-3.43140349852
8.3	0.891114	-0.353956944444	-0.440500925926	-0.226892802759	-1.51261868506	-1.19048692806
8.35	0.872249	-0.364151666667	0.0800862654321	-0.314159265359	-1.51261868506	1.36825194446
8.4	0.8535555	-0.346239444444	0.603955246914	-0.383972435439	-1.36717458073	3.73306534454
8.45	0.836577	-0.30184	1.08256728395	-0.453785605519	-1.1344640138	5.81237735464
8.5	0.822514	-0.235145555556	1.48474537037	-0.506145483078	-0.736916795286	6.86819381572
8.55	0.812224	-0.148633333333	1.76798503086	-0.523598775598	-0.387850944888	6.76584426082
8.6	0.8072505	-0.0517358333333	1.89571018519	-0.541052068118	-0.0969627362219	7.11598747495
8.65	0.807079	0.0460191666667	1.88957006173	-0.541052068118	0.319977029532	7.41764932098
8.7	0.811881	0.141868611111	1.7578220679	-0.506145483078	0.688435427176	6.846646541
8.75	0.8216565	0.227523333333	1.4878154321	-0.471238898038	1.02780500395	5.63999915691
8.8	0.8353765	0.295170555556	1.10458703704	-0.401425727959	1.29930066537	3.47988486663
8.85	0.852012	0.341189722222	0.638890432099	-0.331612557879	1.37687085435	1.25512875221
8.9	0.870534	0.361102777778	0.124072839506	-0.261799387799	1.38656712797	-0.328595939419
8.95	0.8892275	0.353575833333	-0.39317962963	-0.191986217719	1.34778203348	-1.9230942684
9	0.906892	0.320323888889	-0.876979012346	-0.12217304764	1.20233792915	-3.63610260832
9.05	0.9221555	0.263919444444	-1.30567608025	-0.0698131700798	0.989019909463	-5.37065822296
9.1	0.9341605	0.186268055556	-1.64343580247	-0.0174532925199	0.659346606309	-6.90590154647
9.15	0.9413635	0.0940391666667	-1.84733024691	0	0.242406840555	-7.40148886494
9.2	0.9437645	-0.00400166666667	-1.91000185185	0	-0.0775701889775	-7.72469798568
9.25	0.9410205	-0.102709444444	-1.8265808642	0	-0.523598775598	-7.87014209001
9.3	0.9331315	-0.192556388889	-1.59897283951	-0.0523598775598	-0.950234814975	-6.36721967857
9.35	0.9211265	-0.266873055556	-1.2603662037	-0.10471975512	-1.19264165553	-4.1532372015
9.4	0.9056915	-0.321848333333	-0.834474537037	-0.174532925199	-1.34778203348	-2.14934065292
9.45	0.888027	-0.353099444444	-0.341412037037	-0.244346095279	-1.38656712797	-0.549455505257
9.5	0.8693335	-0.357863333333	0.188861728395	-0.314159265359	-1.38656712797	0.770315071096
9.55	0.850983	-0.332805277778	0.690022839506	-0.383972435439	-1.33808575986	2.63415433403
9.6	0.835205	-0.285166388889	1.11284444444	-0.453785605519	-1.15385656104	4.99896773411
9.65	0.821828	-0.219615277778	1.47532345679	-0.506145483078	-0.824183257886	7.00825110137
9.7	0.8123955	-0.134532222222	1.7491412037	-0.541052068118	-0.387850944888	7.70853752964
9.75	0.8079365	-0.0386827777778	1.8771733642	-0.541052068118	-0.00969627362219	7.42519086713
9.8	0.808451	0.0596438888889	1.84234933642	-0.541052068118	0.349065850399	7.03087573982
9.85	0.8141105	0.152825555556	1.6321453858	-0.506145483078	0.698131700798	6.40277268185
9.9	0.824229	0.228838166667	1.31364236111	-0.471238898038	1.01229096616	5.40405649877
9.95	0.8381205	0.282927361111	1.01003972222	-0.401425727959	1.26051557088	4.03149509936
10	0.8549275	0.315750555556	0.798967685186	-0.331612557879	1.35747830711	2.8528591724
