Vernier Format 2
Untitled.cmbl 10/24/2024 12:31:47 .
Latest
Time	Position	Velocity 1	Acceleration 1	Angle 2	Velocity 2	Acceleration 2
t	x	v 1	acc 1	Angle 2	v 2	acc 2
s	m	m/s	m/s²	rad	rad/s	rad/s²

0.05	0.808794	-0.402072222222	1.29629651235	-0.13962634016	-0.135747830711	18.5565129854
0.1	0.7870135	-0.348383194444	1.61626575617	-0.174532925199	0.688435427176	21.0689252173
0.15	0.770035	-0.261080166667	2.05744421296	-0.12217304764	1.85004900711	23.5231598074
0.2	0.7592305	-0.141582777778	2.46617529321	0	3.1900740217	23.1999506867
0.25	0.7554575	-0.00314416666667	2.66042550926	0.209439510239	4.36332312999	18.9809942973
0.3	0.7588875	0.135770833333	2.58537308642	0.453785605519	5.13902501976	13.3011326822
0.35	0.7695205	0.263157222222	2.31048611111	0.733038285838	5.65292752174	8.18257757339
0.4	0.7859845	0.371488055556	1.90904907407	1.02974425868	5.90503063591	4.08320855868
0.45	0.8075935	0.456666388889	1.43281898148	1.32645023152	6.04077846662	0.414785038283
0.5	0.8326325	0.516405555556	0.908473611111	1.64060949687	5.99229709851	-4.13707674547
0.55	0.860244	0.5496575	0.334477932099	1.93731546971	5.66262379536	-9.47002723767
0.6	0.8888845	0.551086666667	-0.268365740741	2.21656815003	5.07115110441	-15.2931782297
0.65	0.916496	0.522693888889	-0.866657253086	2.46091424531	4.11122001581	-20.6422891779
0.7	0.9423925	0.463335833333	-1.43022530864	2.63544717051	2.93797090752	-24.6554690938
0.75	0.9640015	0.375489722222	-1.895075	2.75762021815	1.63867024215	-28.2484771526
0.8	0.980637	0.268683333333	-2.23442268519	2.80998009571	0.106659009844	-31.2866428876
0.85	0.9914415	0.147299444444	-2.44466898148	2.77507351067	-1.57079632679	-32.3909407168
0.9	0.995729	0.0180075	-2.50082993827	2.65290046303	-3.24825166343	-30.7964423878
0.95	0.9931565	-0.109569444444	-2.39872391975	2.44346095279	-4.7608703485	-26.5570160874
1	0.9842385	-0.225808333333	-2.18943040123	2.16420827247	-5.97290455127	-20.5183923483
1.05	0.9701755	-0.330709166667	-1.90973719136	1.83259571459	-6.84556917727	-13.3970180547
1.1	0.9506245	-0.420651388889	-1.53995354938	1.46607657168	-7.34977540562	-5.21444048127
1.15	0.927129	-0.487441111111	-1.10003487654	1.08210413624	-7.43704186822	4.45489904753
1.2	0.901061	-0.532316944444	-0.607237037037	0.698131700798	-6.94253191349	14.8622327353
1.25	0.872935	-0.5513725	-0.0429808641975	0.366519142919	-5.91472690954	24.3645808851
1.3	0.8446375	-0.538891111111	0.567961419753	0.0872664625997	-4.4118044981	31.5182760908
1.35	0.817712	-0.493634166667	1.16307700617	-0.0872664625997	-2.60829760437	35.0304818695
1.4	0.7942165	-0.420270277778	1.70383132716	-0.174532925199	-0.756309342531	34.9335191333
1.45	0.7746655	-0.320895555556	2.17291558642	-0.157079632679	0.979323635841	32.3101384366
1.5	0.761117	-0.197796666667	2.5124220679	-0.0698131700798	2.53072741539	28.0814857736
1.55	0.7544285	-0.0624069444444	2.67878765432	0.10471975512	3.84942062801	22.4522602541
1.6	0.7547715	0.0764127777778	2.67926404321	0.331612557879	4.78995916936	16.445957427
1.65	0.762146	0.212278888889	2.50548796296	0.593411945678	5.46869832292	10.8975341876
1.7	0.776552	0.334139166667	2.1565066358	0.890117918517	5.8565492678	5.8716323601
1.75	0.796446	0.433799722222	1.66524382716	1.18682389136	6.031082193	1.42750694993
1.8	0.821142	0.503924166667	1.08960725309	1.50098315672	6.00199337214	-2.97891072948
1.85	0.8480675	0.543083333333	0.494015277778	1.79768912955	5.72080143709	-7.2075633925
1.9	0.8765365	0.553373333333	-0.103111728395	2.07694180987	5.29416539772	-11.7324910829
1.95	0.9046625	0.532316944444	-0.683194598765	2.33874119767	4.5863374233	-16.9361579268
2	0.930902	0.4827725	-1.20997484568	2.54818070791	3.58762124021	-21.9243520235
2.05	0.953883	0.408551111111	-1.66815509259	2.70526034059	2.36589076381	-26.2930619722
2.1	0.9725765	0.313178055556	-2.04794290123	2.79252680319	0.940538541353	-29.9130041245
2.15	0.9859535	0.199606944444	-2.31847885802	2.80998009571	-0.698131700798	-31.7768433874
2.2	0.992985	0.0751741666667	-2.44048734568	2.72271363311	-2.35619449019	-31.044236047
2.25	0.9934995	-0.0506877777778	-2.41005138889	2.56563400043	-3.84942062801	-28.7763853832
2.3	0.9876685	-0.170737777778	-2.25279012346	2.33874119767	-5.29416539772	-24.7578186487
2.35	0.9760065	-0.279926111111	-1.99416388889	2.02458193231	-6.44802195876	-18.0242952999
2.4	0.959028	-0.373107777778	-1.66047993827	1.67551608191	-7.1655462068	-9.55621633654
2.45	0.9379335	-0.447424444444	-1.28069212963	1.29154364648	-7.44673814184	0.016160456037
2.5	0.9135805	-0.502780833333	-0.851995061728	0.907571211037	-7.1655462068	9.68011316615
2.55	0.8868265	-0.5359375	-0.345540740741	0.558505360638	-6.44802195876	18.659939904
2.6	0.858872	-0.540891944444	0.239147222222	0.244346095279	-5.26507657685	26.6378183676
2.65	0.831432	-0.513547222222	0.858293981481	0.0174532925199	-3.7136727973	32.6548948321
2.7	0.8062215	-0.453712777778	1.44663425926	-0.13962634016	-1.88107708271	35.7146078417
2.75	0.7849555	-0.365676111111	1.95435895062	-0.174532925199	0.0387850944888	34.7072727488
2.8	0.768663	-0.253248333333	2.33790493827	-0.12217304764	1.69684788388	30.9041787614
2.85	0.759059	-0.125766666667	2.57070030864	0	3.18037774808	25.5820019065
2.9	0.7558005	0.0094325	2.65507407407	0.209439510239	4.3245380355	18.9669885687
2.95	0.7599165	0.146060833333	2.57488194444	0.453785605519	5.02266973629	13.3700839613
3	0.770721	0.274209444444	2.31567345679	0.715584993318	5.56566105914	9.48080087503
3.05	0.7880425	0.384636388889	1.88941126543	1.01229096616	5.99229709851	5.35449776692
3.1	0.8103375	0.4673375	1.35627916667	1.32645023152	6.15713375009	0.253180477913
3.15	0.835891	0.521550555556	0.782124691358	1.64060949687	6.02138591938	-5.05822273958
3.2	0.863674	0.545751111111	0.199606944444	1.93731546971	5.64323124812	-10.2457291274
3.25	0.8916285	0.540510833333	-0.363220061728	2.21656815003	4.98388464181	-15.1423473067
3.3	0.9187255	0.508688055556	-0.905350617284	2.44346095279	4.11122001581	-19.6618881783
3.35	0.943593	0.449234722222	-1.4192683642	2.63544717051	3.02523737012	-24.1491081379
3.4	0.9646875	0.364056388889	-1.86278641975	2.75762021815	1.67745533664	-28.0814857736
3.45	0.9808085	0.258488611111	-2.19609984568	2.80998009571	0.155140377955	-30.6186773714
3.5	0.9910985	0.138819722222	-2.39205447531	2.77507351067	-1.43504849608	-31.7552961127
3.55	0.9948715	0.0138152777778	-2.45017391975	2.67035375555	-3.09311128548	-30.9795942229
3.6	0.9924705	-0.110903333333	-2.38448518519	2.46091424531	-4.63481879141	-27.6990216474
3.65	0.9835525	-0.229524166667	-2.1953058642	2.19911485751	-5.96320827765	-21.9728333916
3.7	0.968975	-0.334710833333	-1.89782746914	1.85004900711	-6.93283563987	-13.9033790105
3.75	0.949424	-0.422938055556	-1.50835308642	1.4835298642	-7.37886422649	-4.91277863524
3.8	0.925757	-0.488203333333	-1.04916712963	1.09955742876	-7.44673814184	4.73501361884
3.85	0.899689	-0.529649166667	-0.541124845679	0.715584993318	-6.94253191349	14.9753559276
3.9	0.8717345	-0.544131388889	0.0114333333333	0.383972435439	-5.91472690954	24.2460708742
3.95	0.844123	-0.529363333333	0.586646450617	0.10471975512	-4.42150077172	31.2004537887
4	0.817712	-0.486107222222	1.17091095679	-0.0698131700798	-2.63738642524	34.5456681884
4.05	0.7942165	-0.411218888889	1.72230462963	-0.157079632679	-0.853272078753	34.9604532267
4.1	0.775523	-0.309748055556	2.17598564815	-0.157079632679	0.950234814975	32.9188489473
4.15	0.762489	-0.188459444444	2.4994537037	-0.0523598775598	2.53072741539	28.5770730921
4.2	0.7561435	-0.0539272222222	2.66730138889	0.10471975512	3.86881317525	22.7700825561
4.25	0.7568295	0.0860358333333	2.64485817901	0.349065850399	4.85783308472	15.9988514766
4.3	0.7650615	0.218757777778	2.42815416667	0.610865238198	5.40082440756	10.4773623306
4.35	0.7794675	0.333948611111	2.0752558642	0.890117918517	5.83715672056	6.3348987665
4.4	0.79919	0.4296075	1.62633873457	1.20427718388	6.04077846662	2.21398247707
4.45	0.8233715	0.500398888889	1.08828395062	1.50098315672	6.06017101387	-2.03083064198
4.5	0.8504685	0.540796666667	0.498461574074	1.81514242207	5.90503063591	-7.50922523852
4.55	0.878766	0.549276388889	-0.0811978395062	2.11184839491	5.32325421858	-13.2354134943
4.6	0.9063775	0.530983055556	-0.631585802469	2.35619449019	4.50876723432	-17.771114822
4.65	0.9327885	0.487155277778	-1.1875316358	2.56563400043	3.54883614572	-22.2529479629
4.7	0.9564555	0.411504722222	-1.71018317901	2.72271363311	2.3174093957	-27.0633770433
4.75	0.9749775	0.310510277778	-2.10754444444	2.80998009571	0.804790710642	-30.8880183054
4.8	0.9880115	0.194843055556	-2.36093040123	2.80998009571	-0.872664625997	-32.3963275355
4.85	0.9948715	0.0691716666667	-2.4740462963	2.72271363311	-2.55011996264	-31.2381615195
4.9	0.995043	-0.0586911111111	-2.43768194444	2.54818070791	-4.08213119494	-27.9683625813
4.95	0.9886975	-0.179884444444	-2.27338070988	2.30383461263	-5.37173558669	-23.6265867261
5	0.976521	-0.288786944444	-2.02661126543	2.00712863979	-6.49650332687	-17.8249830088
5.05	0.959371	-0.384922222222	-1.70758950617	1.64060949687	-7.27220521664	-9.49696133107
5.1	0.937419	-0.464098055556	-1.28561481481	1.25663706144	-7.50491578358	0.317822302061
5.15	0.9118655	-0.517167777778	-0.779266358025	0.872664625997	-7.26250894302	10.7413164459
5.2	0.884597	-0.542702222222	-0.243434722222	0.506145483078	-6.42862941151	20.9277905679
5.25	0.8566425	-0.542035277778	0.305365277778	0.209439510239	-5.09054365165	29.131915416
5.3	0.8292025	-0.512689722222	0.86438117284	-0.0174532925199	-3.39369576777	34.3032613478
5.35	0.8041635	-0.453522222222	1.39867777778	-0.13962634016	-1.4835298642	35.4506537265
5.4	0.783412	-0.375489722222	1.96573935185	-0.157079632679	0.281191935044	33.47907809
5.45	0.76489	-0.259536666667	2.529625	-0.10471975512	1.89077335633	30.2577605199
5.5	0.755629	-0.107378055556	2.77919984568	0.0349065850399	3.3646069469	25.5335205384
5.55	0.754943	0.0344905555556	2.68985046296	0.244346095279	4.52815978156	19.1986217719
5.6	0.759745	0.163591944444	2.49855385802	0.506145483078	5.28446912409	12.8421757307
5.65	0.771407	0.2855475	2.24342114198	0.785398163397	5.73049771071	7.95633118888
5.7	0.7889	0.392258611111	1.88459444444	1.08210413624	6.04077846662	3.87850944888
5.75	0.8113665	0.479437777778	1.39544891975	1.3962634016	6.15713375009	-0.743380977701
5.8	0.837949	0.537938333333	0.77259691358	1.71042266695	5.99229709851	-5.85008508539
5.85	0.866761	0.558708888889	0.104329166667	2.00712863979	5.54626851189	-10.7036087152
5.9	0.89523	0.544798333333	-0.499308487654	2.26892802759	4.9354032737	-15.8695678283
5.95	0.9221555	0.505162777778	-1.02317746914	2.51327412287	4.01425727959	-21.8543233807
6	0.94668	0.441136111111	-1.49919583333	2.68780704807	2.71495661421	-26.9987352191
6.05	0.96726	0.353004166667	-1.91254259259	2.79252680319	1.21203420277	-30.0315141354
6.1	0.982695	0.246293055556	-2.23458148148	2.80998009571	-0.358762124021	-31.2758692502
6.15	0.9924705	0.125099722222	-2.43900524691	2.75762021815	-1.94895099806	-31.3189637997
6.2	0.9955575	-0.00400166666667	-2.48632654321	2.61799387799	-3.56822869297	-29.5036059049
6.25	0.991956	-0.130530555556	-2.36797037037	2.39110107523	-4.98388464181	-25.625096456
6.3	0.982009	-0.245816666667	-2.12342407407	2.11184839491	-6.18622257096	-20.0766732166
6.35	0.9667455	-0.345381944444	-1.80694305556	1.76278254451	-7.09767229144	-12.1365024838
6.4	0.9468515	-0.428273611111	-1.44726944444	1.37881010908	-7.47582696271	-2.45638931762
6.45	0.923013	-0.490585277778	-1.06150030864	0.994837673637	-7.340079132	7.4876779638
6.5	0.8971165	-0.5342225	-0.643336728395	0.628318530718	-6.73891016742	17.5502552562
6.55	0.8693335	-0.563568055556	-0.044462962963	0.296705972839	-5.56566105914	26.7778756533
6.6	0.8388065	-0.548418888889	0.735491512346	0.0523598775598	-3.93668709061	33.1073876011
6.65	0.8123955	-0.486107222222	1.44097052469	-0.10471975512	-2.09439510239	35.7038342044
6.7	0.7890715	-0.393973611111	1.93652083333	-0.157079632679	-0.232710566933	34.9658400454
6.75	0.772436	-0.284594722222	2.24776157407	-0.12217304764	1.49322613782	31.8037774808
6.8	0.760431	-0.167403055556	2.47891604938	0	3.0155410965	26.8909988455
6.85	0.754943	-0.0344905555556	2.62331481481	0.191986217719	4.22757529928	20.9008564745
6.9	0.756658	0.103566944444	2.57631111111	0.436332312999	5.10993619889	14.7491095431
6.95	0.7657475	0.2323825	2.33271759259	0.715584993318	5.67232006898	9.22223357844
7	0.781011	0.338331388889	2.02343533951	1.01229096616	6.00199337214	4.42796495413
7.05	0.799876	0.433704444444	1.6893808642	1.32645023152	6.07956356111	0.32320912074
7.1	0.8247435	0.514023611111	1.20817515432	1.62315620435	6.031082193	-3.78154671265
7.15	0.8525265	0.564425555556	0.536308024691	1.93731546971	5.7692828052	-9.14681811693
7.2	0.8833965	0.567093333333	-0.151438734568	2.21656815003	5.13902501976	-15.002290021
7.25	0.909979	0.544321944444	-0.75719367284	2.46091424531	4.24696784652	-20.4752977989
7.3	0.938791	0.494205833333	-1.38121018519	2.65290046303	3.06402246461	-25.2587927858
7.35	0.961429	0.401500555556	-1.89052283951	2.77507351067	1.67745533664	-28.9110558502
7.4	0.979265	0.2958375	-2.20562762346	2.82743338823	0.126051557088	-31.2920297063
7.45	0.9914415	0.177407222222	-2.41095123457	2.79252680319	-1.53201123231	-31.7606829314
7.5	0.997444	0.0502113888889	-2.49442515432	2.67035375555	-3.12220010635	-30.3439496188
7.55	0.996415	-0.0769844444444	-2.45726682099	2.47836753783	-4.63481879141	-27.0526034059
7.6	0.989555	-0.199416388889	-2.31371496914	2.19911485751	-5.93411945678	-21.3318019688
7.65	0.976178	-0.313178055556	-2.05159521605	1.86750229963	-6.83587290364	-13.8764449171
7.7	0.9574845	-0.408836944444	-1.68556975309	1.50098315672	-7.34977540562	-5.43530004711
7.75	0.9345035	-0.484392222222	-1.24665679012	1.11701072128	-7.43704186822	4.23403948169
7.8	0.9080925	-0.535651666667	-0.747454166667	0.733038285838	-6.95222818711	14.3828058729
7.85	0.8799665	-0.561376666667	-0.19034382716	0.401425727959	-5.95351200403	23.5511712646
7.9	0.8508115	-0.557470277778	0.427373765432	0.12217304764	-4.53785605519	31.028075591
7.95	0.822857	-0.519835555556	1.06658179012	-0.0698131700798	-2.73434916146	35.5206823693
8	0.797475	-0.448758333333	1.65693348765	-0.157079632679	-0.79509443702	35.7469287538
8.05	0.776895	-0.349669444444	2.13702762346	-0.13962634016	0.969627362219	32.789565299
8.1	0.7616315	-0.229333611111	2.47722222222	-0.0523598775598	2.53072741539	28.2969585208
8.15	0.7533995	-0.0948013888889	2.65581512346	0.12217304764	3.84942062801	22.6407989078
8.2	0.7523705	0.0392544444444	2.73209027778	0.349065850399	4.79965544298	16.7799401851
8.25	0.7568295	0.181313611111	2.69625524691	0.610865238198	5.49778714378	11.4200555995
8.3	0.770378	0.321467222222	2.38882561728	0.907571211037	5.95351200403	6.02246328312
8.35	0.7904435	0.430655555556	1.8520412037	1.2217304764	6.06986728749	1.26051557088
8.4	0.8147965	0.50764	1.25687268519	1.51843644924	6.04077846662	-2.81730616911
8.45	0.8422365	0.555850555556	0.655034722222	1.83259571459	5.81776417331	-7.39610204626
8.5	0.871563	0.573762777778	0.0455216049383	2.11184839491	5.32325421858	-12.4381643298
8.55	0.9008895	0.560042777778	-0.555363580247	2.37364778271	4.5863374233	-17.7441807286
8.6	0.9286725	0.517263055556	-1.13317037037	2.58308729295	3.54883614572	-22.9316871165
8.65	0.9537115	0.445995277778	-1.67773580247	2.74016692563	2.23983920673	-27.0310561312
8.7	0.974463	0.346048888889	-2.12474737654	2.80998009571	0.804790710642	-30.0530614101
8.75	0.989212	0.225713055556	-2.39528333333	2.82743338823	-0.785398163397	-32.1054393268
8.8	0.9972725	0.097755	-2.4779632716	2.74016692563	-2.52103114177	-31.5829179149
8.85	0.998473	-0.0234383333333	-2.49410756173	2.56563400043	-4.07243492132	-28.25925079
8.9	0.995386	-0.151301111111	-2.47330524691	2.32128790515	-5.37173558669	-23.7720308304
8.95	0.9835525	-0.279926111111	-2.26125925926	2.02458193231	-6.49650332687	-17.8573039209
9	0.966231	-0.384922222222	-1.8823712963	1.65806278939	-7.27220521664	-9.50234814975
9.05	0.944279	-0.469814722222	-1.43440694444	1.27409035396	-7.50491578358	0.312435483382
9.1	0.9183825	-0.5307925	-0.921918364198	0.890117918517	-7.26250894302	10.7089955338
9.15	0.890085	-0.564235	-0.357662191358	0.523598775598	-6.42862941151	20.7823464636
9.2	0.8607585	-0.567474444444	0.238564969136	0.226892802759	-5.10023992527	28.8356403887
9.25	0.8322895	-0.54194	0.868456944444	0	-3.42278458863	33.9261840403
9.3	0.8051925	-0.482200833333	1.51560478395	-0.12217304764	-1.57079632679	35.5853241934
9.35	0.7825545	-0.386827777778	2.07652623457	-0.157079632679	0.271495661421	33.9531181337
9.4	0.765576	-0.267254166667	2.47139969136	-0.0872664625997	1.93925472444	29.6167290971
9.45	0.755286	-0.132817222222	2.69318518519	0.0523598775598	3.25794793706	24.3753545225
9.5	0.7520275	0.00838444444444	2.74701712963	0.244346095279	4.38271567723	18.8754126512
9.55	0.7561435	0.148728611111	2.62474398148	0.506145483078	5.14872129338	13.3646971426
9.6	0.767291	0.278115833333	2.33097083333	0.767944870878	5.6820163426	8.59736261168
9.65	0.784784	0.387780555556	1.90433811728	1.08210413624	6.00199337214	4.03472719057
9.7	0.807422	0.467909166667	1.45812052469	1.37881010908	6.06986728749	-0.258567296592
9.75	0.8319465	0.532888611111	0.999336851852	1.69296937443	5.99229709851	-4.88261245064
9.8	0.8614445	0.575573055556	0.405766882716	1.98967534727	5.62383870087	-10.0474942001
9.85	0.891457	0.575001388889	-0.193974969136	2.26892802759	4.94509954732	-14.0089606566
9.9	0.920269	0.546284666667	-0.575223703703	2.49582083035	4.07825268549	-14.9969032023
9.95	0.94668	0.504019444444	-0.711137453703	2.67035375555	3.31612557879	-13.5715509799
10	0.9688035	0.468957222222	-0.726207222222	2.79252680319	2.79252680319	-11.9134881905
