Vernier Format 2
Untitled.cmbl 10/31/2024 11:52:14 .
Latest
Time	Position	Velocity 1	Acceleration 1	Angle 2	Velocity 2	Acceleration 2
t	x	v 1	acc 1	Angle 2	v 2	acc 2
s	m	m/s	m/s²	rad	rad/s	rad/s²

0.05	0.6679925	0.961162222222	2.95090098765	0.0698131700798	1.76472179924	1.24112302364
0.1	0.710696	1.10369777778	2.86977725309	0.157079632679	1.81320316735	1.36879062633
0.15	0.770378	1.27670316667	2.29971972222	0.244346095279	1.91404441302	1.07951846327
0.2	0.8415505	1.38753027778	0.77216287037	0.349065850399	1.99743236617	-0.563461233823
0.25	0.9152955	1.37466777778	-1.29680466049	0.453785605519	1.89077335633	-3.04462991737
0.3	0.983381	1.24823416667	-3.25224342593	0.541052068118	1.68715161026	-5.56673842287
0.35	1.0432345	1.03576472222	-4.9006654321	0.628318530718	1.33808575986	-8.12332256792
0.4	1.090054	0.745929722222	-6.2042242284	0.680678408278	0.853272078753	-10.1810873033
0.45	1.120238	0.397594166667	-7.05140246914	0.715584993318	0.300584482288	-11.66246244
0.5	1.1310425	0.0182933333333	-7.34634012346	0.715584993318	-0.349065850399	-12.1472761211
0.55	1.121953	-0.359578333333	-7.07527484568	0.680678408278	-0.989019909463	-10.9567891931
0.6	1.0939985	-0.709533611111	-6.28505154321	0.610865238198	-1.50292241144	-8.40882395791
0.65	1.048894	-1.006705	-5.01902160494	0.523598775598	-1.85198826184	-5.22521411862
0.7	0.990241	-1.226225	-3.35827700617	0.418879020479	-2.02652118704	-1.96618881783
0.75	0.923013	-1.35780361111	-1.33510632716	0.314159265359	-2.03621746066	1.03426918637
0.8	0.849611	-1.37104722222	0.929064197531	0.209439510239	-1.90046962995	3.63071578964
0.85	0.7808395	-1.26004861111	3.08964660494	0.12217304764	-1.67745533664	6.21100193688
0.9	0.7197855	-1.04929416667	4.9262845679	0.0349065850399	-1.29930066537	8.93673218845
0.95	0.671937	-0.744976944444	6.22005092593	-0.0174532925199	-0.727220521664	10.4935227867
1	0.643811	-0.399118611111	6.86518734568	-0.0349065850399	-0.184229198822	10.6982218965
1.05	0.631806	-0.0419222222222	7.08003873457	-0.0349065850399	0.349065850399	10.5204568801
1.1	0.6395235	0.319085277778	6.98137330247	0	0.872664625997	9.99254864954
1.15	0.664391	0.664657777778	6.56665030864	0.0523598775598	1.37687085435	8.71587262261
1.2	0.705551	1.00203638889	5.51012561728	0.13962634016	1.81320316735	6.0009160084
1.25	0.7678055	1.25881	3.55243194444	0.244346095279	2.01682491342	2.44022886158
1.3	0.837949	1.37209527778	1.22040246914	0.349065850399	2.03621746066	-0.813409620528
1.35	0.9094645	1.36990388889	-0.969716049383	0.453785605519	1.90046962995	-3.4098562238
1.4	0.978579	1.26719444444	-2.96769104938	0.541052068118	1.68715161026	-5.73696189313
1.45	1.0401475	1.06606305556	-4.74054583333	0.628318530718	1.33808575986	-8.15564348
1.5	1.088682	0.778895833333	-6.14981003086	0.680678408278	0.853272078753	-10.1487663912
1.55	1.1204095	0.431131944444	-7.0657470679	0.715584993318	0.300584482288	-11.4793106049
1.6	1.1331005	0.0501161111111	-7.42123904321	0.715584993318	-0.339369576777	-11.6732360774
1.65	1.1255545	-0.334139166667	-7.19098441358	0.680678408278	-0.950234814975	-10.1487663912
1.7	1.098629	-0.691526111111	-6.39488564815	0.610865238198	-1.37687085435	-7.9509443702
1.75	1.0542105	-0.993461388889	-5.10688888889	0.541052068118	-1.72593670475	-5.86085872275
1.8	0.996072	-1.21631611111	-3.4555662037	0.436332312999	-1.99743236617	-3.07587346571
1.85	0.928844	-1.34646555556	-1.56784876543	0.331612557879	-2.0556100079	0.183151835086
1.9	0.8580145	-1.38219472222	0.54922345679	0.226892802759	-1.98773609255	3.58762124021
1.95	0.7863275	-1.305115	2.88294675926	0.12217304764	-1.68715161026	6.67965516195
2	0.7211575	-1.08578555556	4.98149274691	0.0523598775598	-1.25081929726	8.44114486998
2.05	0.673652	-0.768605833333	6.28219320988	0	-0.824183257886	9.65856589144
2.1	0.644154	-0.428273611111	6.89075354938	-0.0349065850399	-0.300584482288	10.8598264569
2.15	0.630091	-0.0701244444444	7.1599132716	-0.0349065850399	0.31028075591	11.0052705612
2.2	0.636265	0.303173888889	7.04161003086	0	0.853272078753	9.96561455614
2.25	0.6621615	0.645030555556	6.57845416667	0.0523598775598	1.33808575986	8.11254893057
2.3	0.700406	0.978121666667	5.62260632716	0.13962634016	1.68715161026	5.69925416238
2.35	0.7619745	1.25071138889	3.76061388889	0.226892802759	1.90046962995	3.26441211947
2.4	0.8322895	1.37590638889	1.40836435185	0.331612557879	2.02652118704	0.522521411863
2.45	0.9043195	1.38124194444	-0.825264351852	0.436332312999	1.98773609255	-2.78498525704
2.5	0.97412	1.28358222222	-2.8425066358	0.541052068118	1.72593670475	-5.71541461841
2.55	1.036546	1.08892972222	-4.61652592593	0.610865238198	1.37687085435	-7.91862345812
2.6	1.0864525	0.808908333333	-6.05151512346	0.680678408278	0.950234814975	-10.1433795725
2.65	1.119895	0.466003611111	-7.03520524691	0.715584993318	0.339369576777	-11.6732360774
2.7	1.134644	0.0839397222222	-7.47406527778	0.715584993318	-0.300584482288	-11.4793106049
2.75	1.1286415	-0.306222777778	-7.29695447531	0.680678408278	-0.853272078753	-10.1487663912
2.8	1.1029165	-0.669612222222	-6.52493981481	0.628318530718	-1.33808575986	-8.15564348
2.85	1.059527	-0.978788611111	-5.24541219136	0.541052068118	-1.68715161026	-5.73696189313
2.9	1.001903	-1.20926555556	-3.58080354938	0.453785605519	-1.90046962995	-3.4098562238
2.95	0.9348465	-1.34617972222	-1.66053287037	0.349065850399	-2.03621746066	-0.813409620528
3	0.863331	-1.38105138889	0.424409567901	0.244346095279	-2.01682491342	2.44022886158
3.05	0.7928445	-1.31083166667	2.62601435185	0.13962634016	-1.81320316735	6.00630282708
3.1	0.7269885	-1.11636972222	4.7078867284	0.0523598775598	-1.37687085435	8.74819353469
3.15	0.676396	-0.811671388889	6.17595848765	0	-0.872664625997	10.1433795725
3.2	0.64484	-0.468099722222	6.94643811728	-0.0349065850399	-0.339369576777	10.8490528195
3.25	0.6288905	-0.103281111111	7.29340802469	-0.0349065850399	0.213318019688	11.2207433083
3.3	0.633521	0.278592222222	7.19167253086	-0.0174532925199	0.824183257886	10.638966891
3.35	0.658217	0.632358611111	6.64933024691	0.0523598775598	1.33808575986	8.73203307865
3.4	0.6974905	0.959447222222	5.64414969136	0.12217304764	1.71624043113	6.19484148084
3.45	0.755972	1.22994083333	3.90940601852	0.226892802759	1.98773609255	3.00584482288
3.5	0.8261155	1.37333388889	1.66540262346	0.331612557879	2.02652118704	-0.296275027345
3.55	0.898317	1.39372333333	-0.593474691358	0.436332312999	1.91016590357	-2.74727752629
3.6	0.9694895	1.30644888889	-2.69466728395	0.523598775598	1.72593670475	-4.70269270676
3.65	1.033116	1.11503583333	-4.54295030864	0.610865238198	1.47383359057	-7.15369520571
3.7	1.0843945	0.837872777778	-6.0237257716	0.680678408278	1.01810873033	-9.68011316615
3.75	1.119552	0.494110555556	-7.03367021605	0.715584993318	0.475117407487	-11.511631517
3.8	1.13533	0.112046666667	-7.48004660494	0.733038285838	-0.174532925199	-12.2981070441
3.85	1.1310425	-0.277448888889	-7.33480092593	0.698131700798	-0.824183257886	-11.4685369676
3.9	1.1066895	-0.644268333333	-6.61751805556	0.645771823238	-1.36717458073	-9.44309314428
3.95	1.0645005	-0.958589722222	-5.40992515432	0.558505360638	-1.81320316735	-6.37799331593
4	1.0079055	-1.19983305556	-3.81635138889	0.453785605519	-2.02652118704	-2.81191935044
4.05	0.9410205	-1.35151527778	-1.91524212963	0.349065850399	-2.06530628153	0.285501389987
4.1	0.8689905	-1.40353694444	0.267518827161	0.244346095279	-1.99743236617	3.25363848211
4.15	0.79576	-1.33274555556	2.5854683642	0.13962634016	-1.72593670475	5.86085872275
4.2	0.7304185	-1.13590166667	4.66321203704	0.0698131700798	-1.37687085435	7.77317935379
4.25	0.6779395	-0.8377775	6.11175185185	0	-0.959931088597	9.67472634747
4.3	0.6453545	-0.495920833333	6.88291959877	-0.0349065850399	-0.378154671265	10.8598264569
4.35	0.62769	-0.135294444444	7.23687654321	-0.0349065850399	0.174532925199	10.9891101051
4.4	0.630777	0.245435555556	7.15869583333	-0.0174532925199	0.727220521664	10.638966891
4.45	0.6542725	0.590150555556	6.7614404321	0.0349065850399	1.29930066537	8.96905310053
4.5	0.689087	0.934484444444	5.94702716049	0.12217304764	1.67745533664	6.21638875556
4.55	0.7492835	1.22765416667	4.22440493827	0.209439510239	1.90046962995	3.63071578964
4.6	0.818055	1.38438611111	1.8952337963	0.314159265359	2.03621746066	1.03965600505
4.65	0.892829	1.41497027778	-0.471836728395	0.418879020479	2.02652118704	-1.92848108708
4.7	0.964173	1.32579027778	-2.61151095679	0.523598775598	1.85198826184	-5.04206228354
4.75	1.029	1.14180888889	-4.44550231481	0.610865238198	1.51261868506	-7.93478391416
4.8	1.081822	0.870076666667	-5.96253626543	0.680678408278	1.02780500395	-10.1433795725
4.85	1.118866	0.528315277778	-7.03419953704	0.715584993318	0.475117407487	-11.6570756213
4.9	1.136359	0.143869444444	-7.54234768519	0.733038285838	-0.174532925199	-12.1580497585
4.95	1.133615	-0.25039	-7.43923595679	0.698131700798	-0.814486984264	-11.0322046546
5	1.1104625	-0.623307222222	-6.74762515432	0.645771823238	-1.32838948624	-8.78051444676
5.05	1.0693025	-0.945917777778	-5.53352160494	0.558505360638	-1.69684788388	-6.21638875556
5.1	1.012879	-1.19325888889	-3.90469506173	0.471238898038	-1.92955845082	-3.82464126209
5.15	0.9461655	-1.346275	-2.00893194444	0.366519142919	-2.12348392326	-0.678739153553
5.2	0.874307	-1.39924944444	0.0544671296296	0.244346095279	-2.02652118704	2.94658981741
5.25	0.8024485	-1.34779944444	2.25813626543	0.157079632679	-1.76472179924	5.51071550861
5.3	0.7348775	-1.17982472222	4.49139444444	0.0698131700798	-1.47383359057	7.88630254605
5.35	0.678111	-0.874459444444	6.17786404321	0	-0.989019909463	10.1918609407
5.4	0.645869	-0.518882777778	6.9545367284	-0.0349065850399	-0.387850944888	11.1884223963
5.45	0.6268325	-0.162925	7.26794768519	-0.0349065850399	0.174532925199	11.1399410282
5.5	0.6282045	0.217805	7.26228395062	-0.0174532925199	0.727220521664	10.6712878031
5.55	0.649985	0.5736675	6.92383611111	0.0349065850399	1.29930066537	8.97443991921
5.6	0.684971	0.927910277778	6.0841742284	0.12217304764	1.67745533664	6.21638875556
5.65	0.7444815	1.22794	4.28353009259	0.209439510239	1.90046962995	3.63071578964
5.7	0.814625	1.38047972222	1.93562098765	0.314159265359	2.03621746066	1.03965600505
5.75	0.887341	1.41211194444	-0.325797067901	0.418879020479	2.02652118704	-1.9230942684
5.8	0.9595425	1.33970083333	-2.41253919753	0.523598775598	1.85198826184	-5.00974137147
5.85	1.0253985	1.16486611111	-4.30094475309	0.610865238198	1.51261868506	-7.78395299115
5.9	1.079764	0.897707222222	-5.87530416667	0.680678408278	1.03750127757	-9.81478363313
5.95	1.1180085	0.558899444444	-6.98963070988	0.715584993318	0.504206228354	-11.1345542095
6	1.137388	0.176359166667	-7.54340632716	0.733038285838	-0.0775701889775	-12.0072188355
6.05	1.1361875	-0.219710555556	-7.4903154321	0.715584993318	-0.775701889775	-11.2045828523
6.1	1.1145785	-0.595771944444	-6.85248364198	0.645771823238	-1.28960439175	-8.65123079847
6.15	1.0747905	-0.925337777778	-5.69565262346	0.575958653158	-1.59988514766	-6.54498469498
6.2	1.0192245	-1.18296888889	-4.10250231481	0.488692190558	-1.91016590357	-4.78888180563
6.25	0.9526825	-1.34694194444	-2.21235	0.383972435439	-2.15257274413	-1.67530060917
6.3	0.880481	-1.40934888889	-0.14275787037	0.261799387799	-2.1428764705	2.59644660328
6.35	0.808108	-1.36904638889	2.09076496914	0.157079632679	-1.86168453546	6.3079646731
6.4	0.738822	-1.20945611111	4.40363302469	0.0698131700798	-1.42535222246	8.36572940848
6.45	0.6803405	-0.903900277778	6.1610845679	0.0174532925199	-0.998716183086	9.64779225408
6.5	0.646898	-0.547751944444	6.97073395062	-0.0349065850399	-0.475117407487	10.8652132755
6.55	0.626318	-0.191508333333	7.31908009259	-0.0349065850399	0.135747830711	11.0429782919
6.6	0.6261465	0.192651666667	7.35607962963	-0.0174532925199	0.678739153553	10.1541532099
6.65	0.6463835	0.560423888889	6.96671111111	0.0349065850399	1.17324910829	8.62968352375
6.7	0.6827415	0.908283055556	6.0669712963	0.10471975512	1.55140377955	6.73891016742
6.75	0.7389935	1.20154805556	4.40024537037	0.191986217719	1.86168453546	4.45489904753
6.8	0.8082795	1.37247638889	2.19038317901	0.296705972839	2.02652118704	1.55140377955
6.85	0.8813385	1.41944833333	-0.075375308642	0.401425727959	2.02652118704	-1.55679059823
6.9	0.954226	1.35828	-2.21542006173	0.506145483078	1.86168453546	-4.49260677828
6.95	1.0212825	1.19202027778	-4.17390771605	0.593411945678	1.55140377955	-6.92744882119
7	1.077363	0.928958333333	-5.81564969136	0.663225115758	1.16355283466	-9.14681811693
7.05	1.117151	0.591198611111	-6.98200848765	0.715584993318	0.639954059065	-11.1884223963
7.1	1.1382455	0.208086666667	-7.58067052469	0.733038285838	0	-12.1849838519
7.15	1.1385885	-0.190746111111	-7.57458333333	0.715584993318	-0.649650332687	-11.6247547093
7.2	1.118523	-0.573191111111	-6.96893425926	0.663225115758	-1.20233792915	-9.95484091878
7.25	1.079421	-0.909235833333	-5.82141929012	0.593411945678	-1.67745533664	-7.41764932098
7.3	1.0247125	-1.17248833333	-4.24250771605	0.488692190558	-1.98773609255	-3.99701945981
7.35	0.9585135	-1.34475055556	-2.3667	0.383972435439	-2.06530628153	-0.705673246948
7.4	0.8861405	-1.41477972222	-0.303195061728	0.279252680319	-2.03621746066	2.21398247707
7.45	0.8134245	-1.38286166667	1.92630493827	0.174532925199	-1.85198826184	5.14979865712
7.5	0.7431095	-1.23175111111	4.24859490741	0.0872664625997	-1.51261868506	7.77856617247
7.55	0.6834275	-0.934198611111	6.03971126543	0.0174532925199	-1.03750127757	9.63701861672
7.6	0.6480985	-0.584052777778	6.91933688272	-0.0174532925199	-0.513902501976	10.6605141657
7.65	0.6254605	-0.227428055556	7.34581080247	-0.0349065850399	0.0387850944888	11.1884223963
7.7	0.623574	0.161114722222	7.42293287037	-0.0174532925199	0.649650332687	10.6766746218
7.75	0.642439	0.532412222222	7.05590169753	0.0349065850399	1.16355283466	8.95827946317
7.8	0.677425	0.884368333333	6.20353611111	0.10471975512	1.55140377955	6.88974109043
7.85	0.732648	1.18325472222	4.64129814815	0.191986217719	1.86168453546	4.4872199596
7.9	0.800219	1.37523944444	2.48002762346	0.296705972839	2.02652118704	1.55679059823
7.95	0.8755075	1.43898027778	0.104805555556	0.401425727959	2.02652118704	-1.55679059823
8	0.949081	1.37790722222	-2.13390462963	0.506145483078	1.86168453546	-4.49260677828
8.05	1.0171665	1.21431527778	-4.10149660494	0.593411945678	1.55140377955	-6.92744882119
8.1	1.074276	0.955826666667	-5.74122716049	0.663225115758	1.16355283466	-9.14143129825
8.15	1.115779	0.622449722222	-6.92886466049	0.715584993318	0.639954059065	-11.1507146655
8.2	1.138417	0.240862222222	-7.56828441358	0.733038285838	0	-12.0072188355
8.25	1.140475	-0.157303611111	-7.62391604938	0.715584993318	-0.639954059065	-11.1884223963
8.3	1.122296	-0.5445125	-7.09284830247	0.663225115758	-1.16355283466	-9.32458313334
8.35	1.0843945	-0.889799166667	-5.98873765432	0.593411945678	-1.56110005317	-7.40148886494
8.4	1.030372	-1.16210305556	-4.4202537037	0.506145483078	-1.90046962995	-5.30062958013
8.45	0.964516	-1.34332138889	-2.54317561728	0.401425727959	-2.15257274413	-2.00928336727
8.5	0.8919715	-1.42249722222	-0.466755246914	0.279252680319	-2.15257274413	2.2301429331
8.55	0.8185695	-1.39810611111	1.7835470679	0.174532925199	-1.89077335633	5.77466962388
8.6	0.747397	-1.25376027778	4.12981527778	0.0872664625997	-1.52231495868	8.18257757339
8.65	0.686343	-0.961924444444	5.95697839506	0.0174532925199	-1.03750127757	9.6693395288
8.7	0.6494705	-0.614541666667	6.87894969136	-0.0174532925199	-0.523598775598	10.4073336878
8.75	0.625289	-0.259155555556	7.34962191358	-0.0349065850399	0.00969627362219	10.8544396382
8.8	0.6216875	0.130244722222	7.48729830247	-0.0174532925199	0.562383870087	10.9998837425
8.85	0.639009	0.507068333333	7.17780432099	0.0174532925199	1.16355283466	9.93868046275
8.9	0.672966	0.865503333333	6.37450679012	0.10471975512	1.63867024215	7.21295021117
8.95	0.726817	1.1790625	4.79157237654	0.191986217719	1.89077335633	4.14785038283
9	0.796103	1.37352444444	2.57546419753	0.296705972839	2.03621746066	1.26590238956
9.05	0.8696765	1.43717	0.261008179012	0.401425727959	2.02652118704	-1.69684788388
9.1	0.9437645	1.39258	-1.93186280864	0.506145483078	1.86168453546	-4.4872199596
9.15	1.013222	1.23870638889	-3.95630385802	0.593411945678	1.55140377955	-6.74968380478
9.2	1.0717035	0.984886388889	-5.66415802469	0.663225115758	1.17324910829	-8.67277807318
9.25	1.11475	0.653796111111	-6.91340848765	0.715584993318	0.678739153553	-10.3750127757
9.3	1.139103	0.271541666667	-7.60867160494	0.733038285838	0.126051557088	-11.6947833521
9.35	1.1427045	-0.131006944444	-7.69907962963	0.733038285838	-0.523598775598	-12.1149552091
9.4	1.1255545	-0.522312777778	-7.18352098765	0.680678408278	-1.16355283466	-10.7682505393
9.45	1.0888535	-0.8720775	-6.10185354938	0.610865238198	-1.66775906302	-7.89168936473
9.5	1.035517	-1.15114611111	-4.55888287037	0.506145483078	-1.98773609255	-4.18555811358
9.55	0.970004	-1.33884333333	-2.71568132716	0.401425727959	-2.06530628153	-0.781088708454
9.6	0.8978025	-1.42878555556	-0.665197685185	0.296705972839	-2.03621746066	2.02005700462
9.65	0.823543	-1.41668527778	1.62014567901	0.191986217719	-1.86168453546	4.63805088261
9.7	0.7509985	-1.27796083333	4.03305540123	0.10471975512	-1.55140377955	6.78200471685
9.75	0.688744	-0.988411666667	5.88449317901	0.0349065850399	-1.17324910829	8.64907607099
9.8	0.6504995	-0.643601388889	6.73557251543	-0.0174532925199	-0.678739153553	10.1800099396
9.85	0.6247745	-0.289358611111	6.85528375	-0.0349065850399	-0.126051557088	10.8727548217
9.9	0.619458	0.0720871666667	6.3088974537	-0.0349065850399	0.471238898038	10.2877463131
9.95	0.6354075	0.36572375	5.31348816358	0.0174532925199	0.969627362219	8.48747151063
10	0.669536	0.557946666667	4.48321114198	0.0872664625997	1.24112302364	6.80031990036
