0.000000E+0	1.540420E-5
3.906250E+0	3.465950E-5
7.812500E+0	5.198930E-5
1.171880E+1	4.621270E-5
1.562500E+1	2.503190E-5
1.953130E+1	1.155320E-5
2.343750E+1	3.465950E-5
2.734380E+1	4.621270E-5
3.125000E+1	3.851060E-5
3.515630E+1	2.118080E-5
3.906250E+1	3.658510E-5
4.296880E+1	5.969140E-5
4.687500E+1	5.006380E-5
5.078130E+1	4.813820E-5
5.468750E+1	6.739350E-5
5.859380E+1	5.584030E-5
6.250000E+1	1.540420E-5
6.640630E+1	1.925530E-5
7.031250E+1	1.925530E-5
7.421880E+1	2.695740E-5
7.812500E+1	3.465950E-5
8.203130E+1	4.428720E-5
8.593750E+1	1.540420E-5
8.984380E+1	2.888290E-5
9.375000E+1	4.236160E-5
9.765630E+1	4.236160E-5
1.015630E+2	4.043610E-5
1.054690E+2	4.236160E-5
1.093750E+2	3.851060E-5
1.132810E+2	1.540420E-5
1.171880E+2	2.888290E-5
1.210940E+2	3.658510E-5
1.250000E+2	2.310630E-5
1.289060E+2	2.310630E-5
1.328130E+2	1.155320E-5
1.367190E+2	3.851060E-6
1.406250E+2	7.702120E-6
1.445310E+2	5.776590E-6
1.484380E+2	1.347870E-5
1.523440E+2	2.695740E-5
1.562500E+2	3.465950E-5
1.601560E+2	3.465950E-5
1.640630E+2	3.851060E-5
1.679690E+2	2.888290E-5
1.718750E+2	2.888290E-5
1.757810E+2	1.482660E-4
1.796880E+2	5.025630E-4
1.835940E+2	1.403710E-3
1.875000E+2	2.526290E-3
1.914060E+2	2.301010E-3
1.953130E+2	9.165520E-4
1.992190E+2	3.157870E-4
2.031250E+2	1.578930E-4
2.070310E+2	1.925530E-6
2.109380E+2	4.043610E-5
2.148440E+2	2.888290E-5
2.187500E+2	1.540420E-5
2.226560E+2	9.627650E-6
2.265630E+2	3.851060E-6
2.304690E+2	5.776590E-6
2.343750E+2	1.155320E-5
2.382810E+2	9.627650E-6
2.421880E+2	3.851060E-6
2.460940E+2	3.851060E-6
2.500000E+2	1.925530E-6
2.539060E+2	0.000000E+0
2.578130E+2	1.925530E-6
2.617190E+2	7.702120E-6
2.656250E+2	9.627650E-6
2.695310E+2	5.776590E-6
2.734380E+2	3.851060E-6
2.773440E+2	3.851060E-6
2.812500E+2	7.702120E-6
2.851560E+2	9.627650E-6
2.890630E+2	7.702120E-6
2.929690E+2	9.627650E-6
2.968750E+2	1.155320E-5
3.007810E+2	1.540420E-5
3.046880E+2	1.732980E-5
3.085940E+2	2.118080E-5
3.125000E+2	2.695740E-5
3.164060E+2	2.695740E-5
3.203130E+2	1.732980E-5
3.242190E+2	7.702120E-6
3.281250E+2	7.702120E-6
3.320310E+2	2.310630E-5
3.359380E+2	2.695740E-5
3.398440E+2	1.732980E-5
3.437500E+2	9.627650E-6
3.476560E+2	1.732980E-5
3.515630E+2	1.732980E-5
3.554690E+2	1.155320E-5
3.593750E+2	1.925530E-5
3.632810E+2	2.310630E-5
3.671880E+2	3.080850E-5
3.710940E+2	7.702120E-5
3.750000E+2	1.463400E-4
3.789060E+2	1.694470E-4
3.828130E+2	9.627640E-5
3.867190E+2	5.969140E-5
3.906250E+2	4.043610E-5
3.945310E+2	7.702120E-6
3.984380E+2	0.000000E+0
4.023440E+2	5.776590E-6
4.062500E+2	3.851060E-6
4.101560E+2	3.851060E-6
4.140630E+2	1.155320E-5
4.179690E+2	1.540420E-5
4.218750E+2	1.347870E-5
4.257810E+2	1.155320E-5
4.296880E+2	1.540420E-5
4.335940E+2	1.732980E-5
4.375000E+2	9.627650E-6
4.414060E+2	1.925530E-6
4.453130E+2	1.925530E-6
4.492190E+2	3.851060E-6
4.531250E+2	5.776590E-6
4.570310E+2	5.776590E-6
4.609380E+2	1.925530E-6
4.648440E+2	9.627650E-6
4.687500E+2	2.118080E-5
4.726560E+2	2.310630E-5
4.765630E+2	2.118080E-5
4.804690E+2	1.732980E-5
4.843750E+2	1.347870E-5
4.882810E+2	1.540420E-5
4.921880E+2	1.155320E-5
4.960940E+2	5.776590E-6
5.000000E+2	3.851060E-6
5.039060E+2	1.925530E-6
5.078130E+2	1.925530E-6
5.117190E+2	3.851060E-6
5.156250E+2	1.925530E-6
5.195310E+2	0.000000E+0
5.234380E+2	3.851060E-6
5.273440E+2	5.776590E-6
5.312500E+2	3.851060E-6
5.351560E+2	3.851060E-6
5.390630E+2	3.851060E-6
5.429690E+2	3.851060E-6
5.468750E+2	3.851060E-6
5.507810E+2	1.925530E-6
5.546880E+2	3.851060E-6
5.585940E+2	1.155320E-5
5.625000E+2	1.925530E-5
5.664060E+2	2.118080E-5
5.703130E+2	1.347870E-5
5.742190E+2	1.155320E-5
5.781250E+2	1.347870E-5
5.820310E+2	1.155320E-5
5.859380E+2	9.627650E-6
5.898440E+2	1.347870E-5
5.937500E+2	1.155320E-5
5.976560E+2	1.347870E-5
6.015630E+2	1.732980E-5
6.054690E+2	2.118080E-5
6.093750E+2	1.540420E-5
6.132810E+2	1.925530E-6
6.171880E+2	2.503190E-5
6.210940E+2	3.851060E-5
6.250000E+2	3.273400E-5
6.289060E+2	1.925530E-5
6.328130E+2	1.925530E-5
6.367190E+2	1.347870E-5
6.406250E+2	1.925530E-6
6.445310E+2	1.155320E-5
6.484380E+2	1.925530E-5
6.523440E+2	1.540420E-5
6.562500E+2	7.702120E-6
6.601560E+2	3.851060E-6
6.640630E+2	1.925530E-6
6.679690E+2	1.925530E-6
6.718750E+2	1.925530E-6
6.757810E+2	1.925530E-6
6.796880E+2	1.925530E-6
6.835940E+2	0.000000E+0
6.875000E+2	1.925530E-6
6.914060E+2	1.925530E-6
6.953130E+2	0.000000E+0
6.992190E+2	0.000000E+0
7.031250E+2	3.851060E-6
7.070310E+2	1.925530E-6
7.109380E+2	0.000000E+0
7.148440E+2	0.000000E+0
7.187500E+2	1.925530E-6
7.226560E+2	3.851060E-6
7.265630E+2	3.851060E-6
7.304690E+2	0.000000E+0
7.343750E+2	0.000000E+0
7.382810E+2	1.925530E-6
7.421880E+2	5.776590E-6
7.460940E+2	7.702120E-6
7.500000E+2	9.627650E-6
7.539060E+2	7.702120E-6
7.578130E+2	3.851060E-6
7.617190E+2	0.000000E+0
7.656250E+2	3.851060E-6
7.695310E+2	3.851060E-6
7.734380E+2	0.000000E+0
7.773440E+2	1.925530E-6
7.812500E+2	1.925530E-6
7.851560E+2	1.925530E-6
7.890630E+2	1.925530E-6
7.929690E+2	1.925530E-6
7.968750E+2	1.925530E-6
8.007810E+2	1.925530E-6
8.046880E+2	1.925530E-6
8.085940E+2	3.851060E-6
8.125000E+2	5.776590E-6
8.164060E+2	7.702120E-6
8.203130E+2	5.776590E-6
8.242190E+2	1.925530E-6
8.281250E+2	0.000000E+0
8.320310E+2	3.851060E-6
8.359380E+2	5.776590E-6
8.398440E+2	5.776590E-6
8.437500E+2	3.851060E-6
8.476560E+2	5.776590E-6
8.515630E+2	5.776590E-6
8.554690E+2	3.851060E-6
8.593750E+2	3.851060E-6
8.632810E+2	1.925530E-6
8.671880E+2	0.000000E+0
8.710940E+2	1.925530E-6
8.750000E+2	1.925530E-6
8.789060E+2	1.925530E-6
8.828130E+2	1.925530E-6
8.867190E+2	1.925530E-6
8.906250E+2	1.925530E-6
8.945310E+2	0.000000E+0
8.984380E+2	0.000000E+0
9.023440E+2	0.000000E+0
9.062500E+2	1.925530E-6
9.101560E+2	1.925530E-6
9.140630E+2	0.000000E+0
9.179690E+2	1.925530E-6
9.218750E+2	1.925530E-6
9.257810E+2	0.000000E+0
9.296880E+2	1.925530E-6
9.335940E+2	3.851060E-6
9.375000E+2	7.702120E-6
9.414060E+2	1.155320E-5
9.453130E+2	1.347870E-5
9.492190E+2	7.702120E-6
9.531250E+2	3.851060E-6
9.570310E+2	3.851060E-6
9.609380E+2	0.000000E+0
9.648440E+2	3.851060E-6
9.687500E+2	1.925530E-6
9.726560E+2	1.925530E-6
9.765630E+2	3.851060E-6
9.804690E+2	3.851060E-6
9.843750E+2	1.925530E-6
9.882810E+2	1.925530E-6
9.921880E+2	1.925530E-6
9.960940E+2	0.000000E+0
1.000000E+3	1.925530E-6
1.003910E+3	1.925530E-6
1.007810E+3	1.925530E-6
1.011720E+3	0.000000E+0
1.015630E+3	0.000000E+0
1.019530E+3	1.925530E-6
1.023440E+3	0.000000E+0
1.027340E+3	0.000000E+0
1.031250E+3	1.925530E-6
1.035160E+3	3.851060E-6
1.039060E+3	3.851060E-6
1.042970E+3	3.851060E-6
1.046880E+3	3.851060E-6
1.050780E+3	3.851060E-6
1.054690E+3	1.925530E-6
1.058590E+3	0.000000E+0
1.062500E+3	1.925530E-6
1.066410E+3	3.851060E-6
1.070310E+3	3.851060E-6
1.074220E+3	3.851060E-6
1.078130E+3	1.925530E-6
1.082030E+3	0.000000E+0
1.085940E+3	0.000000E+0
1.089840E+3	1.925530E-6
1.093750E+3	3.851060E-6
1.097660E+3	3.851060E-6
1.101560E+3	1.925530E-6
1.105470E+3	7.702120E-6
1.109380E+3	5.776590E-6
1.113280E+3	1.925530E-6
1.117190E+3	0.000000E+0
1.121090E+3	0.000000E+0
1.125000E+3	1.925530E-6
1.128910E+3	3.851060E-6
1.132810E+3	5.776590E-6
1.136720E+3	5.776590E-6
1.140630E+3	5.776590E-6
1.144530E+3	5.776590E-6
1.148440E+3	1.925530E-6
1.152340E+3	1.925530E-6
1.156250E+3	5.776590E-6
1.160160E+3	3.851060E-6
1.164060E+3	0.000000E+0
1.167970E+3	1.925530E-6
1.171880E+3	1.925530E-6
1.175780E+3	0.000000E+0
1.179690E+3	1.925530E-6
1.183590E+3	1.925530E-6
1.187500E+3	1.925530E-6
1.191410E+3	1.925530E-6
1.195310E+3	0.000000E+0
1.199220E+3	0.000000E+0
1.203130E+3	0.000000E+0
1.207030E+3	0.000000E+0
1.210940E+3	1.925530E-6
1.214840E+3	1.925530E-6
1.218750E+3	1.925530E-6
1.222660E+3	1.925530E-6
1.226560E+3	1.925530E-6
1.230470E+3	0.000000E+0
1.234380E+3	0.000000E+0
1.238280E+3	1.925530E-6
1.242190E+3	0.000000E+0
1.246090E+3	1.925530E-6
1.250000E+3	1.925530E-6
1.253910E+3	0.000000E+0
1.257810E+3	1.925530E-6
1.261720E+3	3.851060E-6
1.265630E+3	1.925530E-6
1.269530E+3	0.000000E+0
1.273440E+3	1.925530E-6
1.277340E+3	3.851060E-6
1.281250E+3	3.851060E-6
1.285160E+3	1.925530E-6
1.289060E+3	1.925530E-6
1.292970E+3	0.000000E+0
1.296880E+3	0.000000E+0
1.300780E+3	1.925530E-6
1.304690E+3	3.851060E-6
1.308590E+3	5.776590E-6
1.312500E+3	3.851060E-6
1.316410E+3	3.851060E-6
1.320310E+3	3.851060E-6
1.324220E+3	1.925530E-6
1.328130E+3	0.000000E+0
1.332030E+3	0.000000E+0
1.335940E+3	0.000000E+0
1.339840E+3	0.000000E+0
1.343750E+3	0.000000E+0
1.347660E+3	0.000000E+0
1.351560E+3	0.000000E+0
1.355470E+3	0.000000E+0
1.359380E+3	0.000000E+0
1.363280E+3	0.000000E+0
1.367190E+3	0.000000E+0
1.371090E+3	0.000000E+0
1.375000E+3	0.000000E+0
1.378910E+3	1.925530E-6
1.382810E+3	1.925530E-6
1.386720E+3	1.925530E-6
1.390630E+3	1.925530E-6
1.394530E+3	3.851060E-6
1.398440E+3	3.851060E-6
1.402340E+3	1.925530E-6
1.406250E+3	0.000000E+0
1.410160E+3	1.925530E-6
1.414060E+3	1.925530E-6
1.417970E+3	1.925530E-6
1.421880E+3	3.851060E-6
1.425780E+3	3.851060E-6
1.429690E+3	3.851060E-6
1.433590E+3	3.851060E-6
1.437500E+3	1.925530E-6
1.441410E+3	1.925530E-6
1.445310E+3	1.925530E-6
1.449220E+3	0.000000E+0
1.453130E+3	0.000000E+0
1.457030E+3	1.925530E-6
1.460940E+3	1.925530E-6
1.464840E+3	0.000000E+0
1.468750E+3	0.000000E+0
1.472660E+3	0.000000E+0
1.476560E+3	0.000000E+0
1.480470E+3	1.925530E-6
1.484380E+3	1.925530E-6
1.488280E+3	1.925530E-6
1.492190E+3	1.925530E-6
1.496090E+3	3.851060E-6
1.500000E+3	3.851060E-6
1.503910E+3	1.925530E-6
1.507810E+3	1.925530E-6
1.511720E+3	0.000000E+0
1.515630E+3	1.925530E-6
1.519530E+3	1.925530E-6
1.523440E+3	1.925530E-6
1.527340E+3	1.925530E-6
1.531250E+3	3.851060E-6
1.535160E+3	1.925530E-6
1.539060E+3	1.925530E-6
1.542970E+3	0.000000E+0
1.546880E+3	0.000000E+0
1.550780E+3	1.925530E-6
1.554690E+3	0.000000E+0
1.558590E+3	0.000000E+0
