Vernier Format 2
Untitled.cmbl 10/31/2024 12:07:18 .
Latest
Time	Position	Velocity 1	Acceleration 1	Angle 2	Velocity 2	Acceleration 2
t	x	v 1	acc 1	Angle 2	v 2	acc 2
s	m	m/s	m/s²	rad	rad/s	rad/s²

0.05	0.855785	0.813100555556	-0.811512592593	-0.0174532925199	-0.79509443702	-2.07823464636
0.1	0.8971165	0.784421944444	-1.21075824074	-0.0523598775598	-0.906601583675	-1.73563297837
0.15	0.9369045	0.723615666667	-1.88122796296	-0.10471975512	-1.00647320198	-0.948618769371
0.2	0.9722335	0.609301388889	-2.77587570988	-0.157079632679	-1.02780500395	0.35391398721
0.25	0.999845	0.440564444444	-3.61496592593	-0.209439510239	-0.989019909463	2.06799969087
0.3	1.017681	0.236003055556	-4.17855515432	-0.261799387799	-0.824183257886	3.75353525552
0.35	1.0243695	0.00924194444444	-4.40119814815	-0.296705972839	-0.562383870087	4.48183314092
0.4	1.01871	-0.219710555556	-4.23832608025	-0.314159265359	-0.349065850399	4.65959815733
0.45	1.00156	-0.428845277778	-3.71683904321	-0.331612557879	-0.126051557088	5.18750638787
0.5	0.974463	-0.603203611111	-2.89062191358	-0.331612557879	0.174532925199	5.52148914597
0.55	0.9393055	-0.7280175	-1.81520046296	-0.314159265359	0.475117407487	4.92893909128
0.6	0.8991745	-0.791091388889	-0.585111419753	-0.279252680319	0.688435427176	3.7707730753
0.65	0.8575	-0.787185	0.672925771605	-0.244346095279	0.853272078753	2.45100249894
0.7	0.818055	-0.721062222222	1.86755030864	-0.191986217719	0.959931088597	0.705673246948
0.75	0.783069	-0.5959625	2.93630231481	-0.13962634016	0.901753446864	-0.678739153553
0.8	0.756315	-0.418364722222	3.77464089506	-0.10471975512	0.862968352375	-1.57833787295
0.85	0.739851	-0.205609444444	4.29581033951	-0.0523598775598	0.785398163397	-3.11896801514
0.9	0.735049	0.0252486111111	4.4632875	-0.0174532925199	0.542991322843	-4.48183314092
0.95	0.7424235	0.255058611111	4.26431574074	0	0.31028075591	-5.28985594277
1	0.7612885	0.465813055556	3.70572330247	0.0174532925199	0	-5.63999915691
1.05	0.7904435	0.639409166667	2.80931820988	0	-0.300584482288	-5.03128864618
1.1	0.8274875	0.757267777778	1.65635123457	-0.0174532925199	-0.513902501976	-4.14785038283
1.15	0.868819	0.80948	0.381428703704	-0.0523598775598	-0.698131700798	-3.44217713588
1.2	0.911008	0.795664722222	-0.907414969136	-0.0872664625997	-0.862968352375	-2.55873887252
1.25	0.9509675	0.716298333333	-2.1264941358	-0.13962634016	-0.989019909463	-1.00194827429
1.3	0.985096	0.576144722222	-3.17105617284	-0.191986217719	-0.989019909463	1.04504282373
1.35	1.010478	0.388066388889	-3.94423533951	-0.244346095279	-0.862968352375	2.74189070761
1.4	1.0250555	0.169499166667	-4.40352716049	-0.279252680319	-0.688435427176	3.91621717963
1.45	1.0281425	-0.0658369444444	-4.51251435185	-0.314159265359	-0.475117407487	4.96126000335
1.5	1.018367	-0.297743055556	-4.22800432099	-0.331612557879	-0.174532925199	5.52687596465
1.55	0.9972725	-0.503257222222	-3.57921558642	-0.331612557879	0.126051557088	5.18211956919
1.6	0.9664025	-0.667230277778	-2.63501280864	-0.314159265359	0.349065850399	4.62189042658
1.65	0.9283295	-0.775370555556	-1.47283564815	-0.296705972839	0.562383870087	4.29868130584
1.7	0.886312	-0.819103055556	-0.193096296296	-0.261799387799	0.814486984264	3.26979893815
1.75	0.84378	-0.79576	1.10898040123	-0.209439510239	0.950234814975	1.1797132907
1.8	0.803992	-0.704483888889	2.31810833333	-0.157079632679	0.901753446864	-0.490200499789
1.85	0.771064	-0.555564722222	3.32455925926	-0.12217304764	0.862968352375	-1.50292241144
1.9	0.746711	-0.362055555556	4.07280740741	-0.0698131700798	0.785398163397	-2.92504254269
1.95	0.7335055	-0.135675555556	4.4975875	-0.0349065850399	0.552687596465	-3.97008536642
2	0.732648	0.102995277778	4.54347962963	-0.0174532925199	0.349065850399	-4.29329448716
2.05	0.7441385	0.333853333333	4.20810185185	0	0.135747830711	-4.67575861337
2.1	0.7671195	0.537461944444	3.52226064815	0	-0.135747830711	-4.70807952544
2.15	0.799533	0.698386111111	2.52846049383	-0.0174532925199	-0.349065850399	-4.47105950357
2.2	0.839321	0.800142777778	1.29725987654	-0.0349065850399	-0.562383870087	-4.40641767942
2.25	0.8823675	0.832156111111	-0.0396461419753	-0.0698131700798	-0.824183257886	-3.55530032814
2.3	0.9252425	0.795188333333	-1.35802592593	-0.12217304764	-0.979323635841	-1.51908286748
2.35	0.964516	0.691811944444	-2.55815540123	-0.174532925199	-0.989019909463	0.818796439207
2.4	0.996758	0.530411388889	-3.53559953704	-0.226892802759	-0.862968352375	2.52103114177
2.45	1.0192245	0.326231111111	-4.21524768519	-0.261799387799	-0.698131700798	3.4367903172
2.5	1.030372	0.0962305555556	-4.5663992284	-0.296705972839	-0.513902501976	4.14246356415
2.55	1.029343	-0.144822222222	-4.54972561728	-0.314159265359	-0.300584482288	4.99896773411
2.6	1.0154515	-0.3747275	-4.13870787037	-0.331612557879	0	5.4891682339
2.65	0.990584	-0.57281	-3.3744742284	-0.314159265359	0.300584482288	4.96126000335
2.7	0.956284	-0.723348888889	-2.32726558642	-0.296705972839	0.513902501976	3.95931172906
2.75	0.91581	-0.812814722222	-1.09220092593	-0.261799387799	0.688435427176	2.96813709213
2.8	0.8724205	-0.836253055556	0.234753858025	-0.226892802759	0.824183257886	1.74532925199
2.85	0.829374	-0.789281111111	1.55286898148	-0.174532925199	0.862968352375	0.511747774505
2.9	0.7907865	-0.675138333333	2.73023765432	-0.13962634016	0.862968352375	-0.549455505257
2.95	0.759745	-0.506687222222	3.67264074074	-0.0872664625997	0.824183257886	-1.89616017501
3	0.738479	-0.296599722222	4.32545231481	-0.0523598775598	0.678739153553	-3.29673303154
3.05	0.7290465	-0.0606919444444	4.6348933642	-0.0174532925199	0.48481368111	-4.48183314092
3.1	0.7321335	0.181885277778	4.5661345679	0	0.203621746066	-5.11209092637
3.15	0.74774	0.411504722222	4.1075837963	0	-0.0387850944888	-5.32217685485
3.2	0.7746655	0.606728888889	3.29332932099	0	-0.339369576777	-5.16057229448
3.25	0.8103375	0.752599166667	2.18567222222	-0.0349065850399	-0.610865238198	-3.95392491038
3.3	0.8525265	0.833585277778	0.876502623457	-0.0698131700798	-0.727220521664	-2.73650388893
3.35	0.896602	0.842350833333	-0.49179212963	-0.10471975512	-0.862968352375	-1.75610288935
3.4	0.939477	0.781849444444	-1.8009617284	-0.157079632679	-0.950234814975	-0.032320912074
3.45	0.9773785	0.656082777778	-2.95239367284	-0.209439510239	-0.862968352375	1.60527196634
3.5	1.0072195	0.476674722222	-3.8543037037	-0.244346095279	-0.736916795286	2.44022886158
3.55	1.026599	0.258012222222	-4.44005030864	-0.279252680319	-0.639954059065	3.57684760285
3.6	1.033802	0.018865	-4.67252808642	-0.314159265359	-0.426636039376	5.30062958013
3.65	1.028657	-0.2238075	-4.53072299383	-0.331612557879	-0.048481368111	5.83392462935
3.7	1.010821	-0.450282777778	-3.99298580247	-0.314159265359	0.252103114177	4.65421133865
3.75	0.982009	-0.637217777778	-3.10632021605	-0.296705972839	0.387850944888	3.79770716869
3.8	0.944965	-0.770606666667	-1.96902114198	-0.279252680319	0.572080143709	3.78693353133
3.85	0.902433	-0.840254722222	-0.673666820988	-0.244346095279	0.814486984264	2.90349526798
3.9	0.858186	-0.840254722222	0.677425	-0.191986217719	0.940538541353	0.667965516195
3.95	0.815654	-0.770797222222	1.97966049383	-0.13962634016	0.862968352375	-1.308996939
4	0.7784385	-0.635312222222	3.11076651235	-0.10471975512	0.736916795286	-1.99312291123
4.05	0.750141	-0.448853611111	3.97520061728	-0.0698131700798	0.659346606309	-2.44022886158
4.1	0.7321335	-0.225903611111	4.53072299383	-0.0349065850399	0.513902501976	-3.19977029532
4.15	0.7266455	0.0185791666667	4.7205375	-0.0174532925199	0.339369576777	-4.03472719057
4.2	0.73402	0.262299722222	4.5102912037	0	0.126051557088	-5.11209092637
4.25	0.7537425	0.484773333333	3.91829861111	0	-0.184229198822	-5.77466962388
4.3	0.784098	0.666944444444	2.9968037037	-0.0174532925199	-0.504206228354	-5.29524276145
4.35	0.822514	0.795378888889	1.80583148148	-0.0523598775598	-0.775701889775	-3.58762124021
4.4	0.866418	0.854832222222	0.441506635802	-0.10471975512	-0.862968352375	-1.72378197728
4.45	0.911008	0.839778333333	-0.940021141975	-0.13962634016	-0.901753446864	-0.53329504922
4.5	0.9530255	0.756791388889	-2.22574182099	-0.191986217719	-0.950234814975	1.16893965334
4.55	0.989212	0.610349444444	-3.33011712963	-0.244346095279	-0.814486984264	3.2320912074
4.6	1.0161375	0.412362222222	-4.14834151235	-0.279252680319	-0.562383870087	4.11552947075
4.65	1.031744	0.181313611111	-4.61361466049	-0.296705972839	-0.358762124021	4.14785038283
4.7	1.034831	-0.0641219444444	-4.69830601852	-0.314159265359	-0.164836651577	4.36332312999
4.75	1.0250555	-0.303173888889	-4.4077087963	-0.314159265359	0.048481368111	4.99896773411
4.8	1.003618	-0.5187875	-3.76246651235	-0.314159265359	0.349065850399	5.26830866806
4.85	0.9715475	-0.692764722222	-2.78952160494	-0.279252680319	0.639954059065	4.25558675641
4.9	0.931931	-0.807288611111	-1.57711188272	-0.244346095279	0.814486984264	2.40252113083
4.95	0.8881985	-0.855308611111	-0.236765277778	-0.191986217719	0.862968352375	0.737994159022
5	0.8436085	-0.832346666667	1.13253518519	-0.157079632679	0.862968352375	-0.474040043752
5.05	0.8021055	-0.738402777778	2.40655787037	-0.10471975512	0.824183257886	-1.73994243332
5.1	0.767291	-0.582528333333	3.46027716049	-0.0698131700798	0.688435427176	-2.96275027345
5.15	0.7420805	-0.380634722222	4.22165246914	-0.0349065850399	0.513902501976	-3.92699081699
5.2	0.7280175	-0.147871111111	4.65648966049	-0.0174532925199	0.300584482288	-4.81042908034
5.25	0.7266455	0.0998511111111	4.71492669753	0	0.00969627362219	-5.16057229448
5.3	0.7383075	0.339951111111	4.37017993827	-0.0174532925199	-0.271495661421	-4.47644632224
5.35	0.761803	0.551467777778	3.6573433642	-0.0349065850399	-0.416939765754	-3.99163264114
5.4	0.7952455	0.717632222222	2.63834753086	-0.0523598775598	-0.659346606309	-3.60916851493
5.45	0.835891	0.824629166667	1.38634459877	-0.10471975512	-0.824183257886	-2.38636067479
5.5	0.880481	0.861882777778	5.29320987689E-05	-0.13962634016	-0.892057173242	-1.11507146655
5.55	0.925071	0.824629166667	-1.38592114198	-0.191986217719	-0.959931088597	0.705673246948
5.6	0.9657165	0.717632222222	-2.63607145062	-0.244346095279	-0.843575805131	2.88733481194
5.65	0.999159	0.551563055556	-3.65014459877	-0.279252680319	-0.649650332687	4.57879587715
5.7	1.0226545	0.3404275	-4.35387685185	-0.314159265359	-0.349065850399	5.41913959107
5.75	1.0343165	0.101661388889	-4.69232469136	-0.314159265359	-0.048481368111	5.03128864618
5.8	1.033116	-0.144631666667	-4.63801635802	-0.314159265359	0.164836651577	4.36870994866
5.85	1.0192245	-0.3764425	-4.21688858025	-0.296705972839	0.358762124021	4.14246356415
5.9	0.994357	-0.579003055556	-3.46668194444	-0.279252680319	0.562383870087	4.07782174
5.95	0.9595425	-0.735639722222	-2.41121589506	-0.244346095279	0.814486984264	3.04893937231
6	0.918211	-0.828726111111	-1.14354506173	-0.191986217719	0.940538541353	0.700286428269
6.05	0.873964	-0.853307777778	0.213581018519	-0.13962634016	0.862968352375	-1.308996939
6.1	0.83006	-0.806716944444	1.55456280864	-0.10471975512	0.736916795286	-2.03083064198
6.15	0.790615	-0.692669444444	2.76501404321	-0.0698131700798	0.659346606309	-2.62338069667
6.2	0.7585445	-0.521550555556	3.75198595679	-0.0349065850399	0.504206228354	-3.6684235204
6.25	0.7365925	-0.304698333333	4.41977731481	-0.0174532925199	0.300584482288	-4.81581589902
6.3	0.72716	-0.0640266666667	4.70449907407	0	0	-5.45146050314
6.35	0.7300755	0.180456111111	4.61133858025	-0.0174532925199	-0.300584482288	-4.95587318468
6.4	0.745682	0.411790555556	4.14357762346	-0.0349065850399	-0.513902501976	-3.95931172906
6.45	0.7726075	0.609015555556	3.32344768519	-0.0698131700798	-0.688435427176	-2.96813709213
6.5	0.8086225	0.755362222222	2.22023688272	-0.10471975512	-0.824183257886	-1.73994243332
6.55	0.85064	0.838539722222	0.925464814815	-0.157079632679	-0.862968352375	-0.474040043752
6.6	0.89523	0.851783333333	-0.460826851852	-0.191986217719	-0.862968352375	0.732607340343
6.65	0.938791	0.791186666667	-1.81138935185	-0.244346095279	-0.814486984264	2.37020021876
6.7	0.9770355	0.663323888889	-2.98584675926	-0.279252680319	-0.639954059065	4.11014265207
6.75	1.0072195	0.481819722222	-3.89220308642	-0.314159265359	-0.358762124021	4.97742045939
6.8	1.0267705	0.261156388889	-4.46926882716	-0.314159265359	-0.0775701889775	4.65421133865
6.85	1.034145	0.0201988888889	-4.67554521605	-0.314159265359	0.0775701889775	4.65421133865
6.9	1.0288285	-0.221711388889	-4.49801095679	-0.314159265359	0.358762124021	4.97742045939
6.95	1.011164	-0.443803888889	-3.96006203704	-0.279252680319	0.639954059065	4.11014265207
7	0.983038	-0.629976666667	-3.10796111111	-0.244346095279	0.814486984264	2.37020021876
7.05	0.9461655	-0.765175833333	-1.99188780864	-0.191986217719	0.862968352375	0.732607340343
7.1	0.9039765	-0.836443611111	-0.697221604938	-0.157079632679	0.862968352375	-0.468653225073
7.15	0.8597295	-0.837586944444	0.663239197531	-0.10471975512	0.824183257886	-1.70223470256
7.2	0.817369	-0.767557777778	1.9636220679	-0.0698131700798	0.688435427176	-2.78498525704
7.25	0.7804965	-0.634359444444	3.09393410494	-0.0349065850399	0.523598775598	-3.48527168531
7.3	0.751856	-0.448567777778	3.9746712963	-0.0174532925199	0.339369576777	-4.14785038283
7.35	0.73402	-0.223331111111	4.51611373457	0	0.126051557088	-4.99896773411
7.4	0.728875	0.0189602777778	4.66522345679	0	-0.174532925199	-5.4891682339
7.45	0.736078	0.258012222222	4.43502175926	-0.0174532925199	-0.475117407487	-4.95587318468
7.5	0.7554575	0.476579444444	3.84382314815	-0.0523598775598	-0.688435427176	-3.91621717963
7.55	0.7852985	0.655511111111	2.92624521605	-0.0872664625997	-0.862968352375	-2.74189070761
7.6	0.8232	0.779372222222	1.75750447531	-0.13962634016	-0.989019909463	-1.03965600505
7.65	0.8659035	0.836824722222	0.4459	-0.191986217719	-0.989019909463	1.03965600505
7.7	0.909636	0.824629166667	-0.890741358025	-0.244346095279	-0.862968352375	2.74189070761
7.75	0.9509675	0.745548611111	-2.16471111111	-0.279252680319	-0.688435427176	3.92160399831
7.8	0.986811	0.601774444444	-3.26913935185	-0.314159265359	-0.475117407487	4.99358091543
7.85	1.013222	0.406455	-4.07672438272	-0.331612557879	-0.174532925199	5.67232006898
7.9	1.028657	0.179693888889	-4.52622376543	-0.331612557879	0.135747830711	5.47839459654
7.95	1.031744	-0.0609777777778	-4.59784089506	-0.314159265359	0.378154671265	4.99358091543
8	1.0223115	-0.295170555556	-4.28908796296	-0.296705972839	0.649650332687	4.12091628943
8.05	1.001217	-0.503924166667	-3.62965987654	-0.244346095279	0.824183257886	2.58028614724
8.1	0.9701755	-0.669421666667	-2.68371033951	-0.209439510239	0.892057173242	1.19587374674
8.15	0.9321025	-0.780039166667	-1.53455447531	-0.157079632679	0.959931088597	-0.474040043752
8.2	0.889742	-0.828249722222	-0.252750771605	-0.10471975512	0.853272078753	-2.19243520235
8.25	0.846524	-0.807383888889	1.07102808642	-0.0698131700798	0.698131700798	-3.10819437778
8.3	0.8062215	-0.717536944444	2.3066220679	-0.0349065850399	0.523598775598	-3.63610260832
8.35	0.772436	-0.568427222222	3.34133873457	-0.0174532925199	0.339369576777	-4.1801712949
8.4	0.7475685	-0.372821944444	4.10461959877	0	0.126051557088	-5.00435455279
8.45	0.7338485	-0.145012777778	4.53368719136	0	-0.174532925199	-5.4891682339
8.5	0.7324765	0.0966116666667	4.56549938272	-0.0174532925199	-0.475117407487	-4.95587318468
8.55	0.743967	0.327755555556	4.19640385802	-0.0523598775598	-0.688435427176	-3.91621717963
8.6	0.7664335	0.529649166667	3.48420246914	-0.0872664625997	-0.862968352375	-2.74189070761
8.65	0.7986755	0.687143333333	2.49167268519	-0.13962634016	-0.989019909463	-1.03965600505
8.7	0.8374345	0.786899166667	1.29699521605	-0.191986217719	-0.989019909463	1.03965600505
8.75	0.8799665	0.821199166667	-0.00545200617285	-0.244346095279	-0.862968352375	2.74189070761
8.8	0.922327	0.786041666667	-1.30297654321	-0.279252680319	-0.688435427176	3.91621717963
8.85	0.961086	0.686666944444	-2.49267839506	-0.314159265359	-0.475117407487	4.96126000335
8.9	0.993328	0.528982222222	-3.48044429012	-0.331612557879	-0.174532925199	5.52687596465
8.95	1.0157945	0.326326388889	-4.1630566358	-0.331612557879	0.126051557088	5.18750638787
9	1.026942	0.0982313888889	-4.4846720679	-0.314159265359	0.349065850399	4.65421133865
9.05	1.025913	-0.137104722222	-4.42792885802	-0.296705972839	0.562383870087	4.44951222885
9.1	1.0127075	-0.359387777778	-3.99886126543	-0.261799387799	0.824183257886	3.59839487757
9.15	0.9886975	-0.549752777778	-3.24648441358	-0.209439510239	0.979323635841	1.70223470256
9.2	0.955941	-0.694479722222	-2.2335757716	-0.157079632679	0.998716183086	-0.344756395456
9.25	0.916839	-0.779658055556	-1.05266064815	-0.10471975512	0.901753446864	-1.70762152124
9.3	0.8755075	-0.801953055556	0.193625617284	-0.0698131700798	0.824183257886	-2.94120299873
9.35	0.834176	-0.760697777778	1.44139398148	-0.0174532925199	0.639954059065	-4.60034315186
9.4	0.796789	-0.654081944444	2.58800910494	0	0.339369576777	-5.6669332503
9.45	0.766605	-0.4930625	3.51786728395	0.0174532925199	0.0193925472444	-5.67770688766
9.5	0.7458535	-0.290597222222	4.15400524691	0	-0.271495661421	-4.84274999242
9.55	0.7365925	-0.0640266666667	4.4419558642	-0.0174532925199	-0.426636039376	-4.50338041564
9.6	0.739165	0.168832222222	4.3475779321	-0.0349065850399	-0.698131700798	-4.42796495413
9.65	0.7540855	0.386446666667	3.8672191358	-0.0872664625997	-0.950234814975	-2.88194799326
9.7	0.779296	0.568046111111	3.06921481481	-0.13962634016	-1.01810873033	-0.667965516195
9.75	0.8127385	0.702387777778	2.04166515432	-0.191986217719	-0.998716183086	1.28314020934
9.8	0.8518405	0.778228888889	0.886808503086	-0.244346095279	-0.862968352375	2.5942918758
9.85	0.893172	0.7889	-0.189015231481	-0.279252680319	-0.698131700798	2.940125635
9.9	0.933303	0.7448245	-0.907536712963	-0.314159265359	-0.541052068118	2.65031479007
9.95	0.968975	0.673756805556	-1.17681817901	-0.331612557879	-0.416939765754	2.00766732166
10	0.997444	0.614351111111	-1.22291145062	-0.349065850399	-0.368458397643	1.4264295862
