Vernier Format 2
L6_500g_oscillation.cmbl 10/17/2024 13:17:20 .
Latest
Time	Position	Velocity	Acceleration
t	x	v	acc
s	m	m/s	m/s²

0.033333	1.072561	0.5851066844	-0.75556788906
0.066666	1.092455	0.565241069077	-0.999126579654
0.099999	1.11132	0.529511545115	-1.36681087775
0.133332	1.1282985	0.477346440131	-1.82210484469
0.166665	1.143562	0.406744900782	-2.27706533275
0.199998	1.1557385	0.323423650903	-2.6697367278
0.233331	1.1653425	0.228954789548	-3.02810743685
0.266664	1.1715165	0.11976536432	-3.28965016767
0.299997	1.173746	-0.00128626286263	-3.23796093945
0.33333	1.1704875	-0.0993280766141	-3.04775887154
0.366663	1.1674005	-0.200371170378	-2.92079869346
0.399996	1.157282	-0.302271772718	-2.58624790526
0.433329	1.145963	-0.370443704437	-2.28695059989
0.466662	1.133272	-0.451192428591	-2.03029095284
0.499995	1.1156075	-0.518506851735	-1.43229184014
0.533328	1.0974285	-0.548948406151	-0.753424096184
0.566661	1.078735	-0.564097724311	-0.173647222927
0.599994	1.0593555	-0.560238935723	0.380642335031
0.633327	1.0408335	-0.537086204195	0.88252806714
0.66666	1.0233405	-0.502214188809	1.40227873988
0.699993	1.006705	-0.44504695047	1.94751672792
0.733326	0.9931565	-0.36930035967	2.39556943893
0.766659	0.9818375	-0.282549075491	2.74274478518
0.799992	0.9739485	-0.183078080781	2.97177332406
0.833325	0.969661	-0.0823208232082	3.12207702456
0.866658	0.968289	0.0248677486775	3.24629791174
0.899991	0.9712045	0.136486781534	3.23950923431
0.933324	0.977207	0.248534568679	2.96843853514
0.966657	0.9880115	0.348863071964	2.32744446532
0.99999	1.0024175	0.397741060744	1.84449557028
1.033323	1.014251	0.449763247632	1.89773309336
1.066656	1.0308865	0.535085350854	1.65298340673
1.099989	1.051295	0.582105404387	0.78474729209
1.133322	1.070846	0.589965899659	-0.219738769753
1.166655	1.091426	0.564669396694	-1.12013177752
1.199988	1.1097765	0.50078500785	-1.5587756198
1.233321	1.124354	0.445904459045	-1.57259117389
1.266654	1.1389315	0.402171521715	-1.74040251621
1.299987	1.1516225	0.343860938609	-2.28528320544
1.33332	1.1629415	0.252822111554	-2.93223225546
1.366653	1.1691155	0.138487634876	-3.29262765778
1.399986	1.172031	0.0248677486775	-3.34253039194
1.433319	1.171002	-0.0924680080134	-3.10349748631
1.466652	1.165171	-0.188366050327	-2.67199962028
1.499985	1.1577965	-0.264970149701	-2.37341691255
1.533318	1.147678	-0.341860085268	-2.19262371337
1.566651	1.134987	-0.415177068437	-1.9102385518
1.599984	1.119552	-0.473630569639	-1.50125051097
1.633317	1.1029165	-0.51593432601	-1.03592835735
1.66665	1.0847375	-0.541802501358	-0.529635939888
1.699983	1.0669015	-0.559810181435	0.211163598251
1.733316	1.04615	-0.537514958483	1.14240340351
1.766649	1.0291715	-0.464197975313	1.53912418511
1.799982	1.016309	-0.414033723671	1.40358883553
1.833315	1.0027605	-0.388880138801	1.71384330447
1.866648	0.9886975	-0.318993189932	2.51490724234
1.899981	0.9801225	-0.208946256129	3.02143785901
1.933314	0.975149	-0.102043520435	3.08384605161
1.966647	0.9736055	-0.00171501715017	3.02072326139
1.99998	0.9749775	0.0976130594639	2.9672475391
2.033313	0.9801225	0.196798217982	2.87577904307
2.066646	0.988183	0.291695833625	2.67688270405
2.099979	0.999502	0.383878005447	2.21370434331
2.133312	1.0147655	0.445332786661	1.56830358814
2.166645	1.0298575	0.483634836348	1.03557105854
2.199978	1.047179	0.510789274559	0.613482061247
2.233311	1.064329	0.523651903186	0.22926673809
2.266644	1.0823365	0.525938592719	-0.177458410262
2.299977	1.0994865	0.518078097448	-0.754495992622
2.33331	1.117837	0.480776474431	-1.45623086058
2.366643	1.132586	0.410889525562	-1.90642736447
2.399976	1.144591	0.350149334827	-2.24336014476
2.433309	1.156596	0.268257265906	-2.70963509521
2.466642	1.1632845	0.163355383554	-2.98546977854
2.499975	1.167229	0.0620264535979	-3.03561071191
2.533308	1.167572	-0.0430183468501	-2.92913566575
2.566641	1.1639705	-0.136058027247	-2.71809116711
2.599974	1.158311	-0.222237639043	-2.53836986437
2.633307	1.1492215	-0.307130987977	-2.29624036902
2.66664	1.137388	-0.377875445421	-1.96907375628
2.699973	1.1238395	-0.439758980923	-1.57533046479
2.733306	1.1077185	-0.486636116361	-1.06999084415
2.766639	1.09074	-0.512075537422	-0.530350537513
2.799972	1.0730755	-0.518935606023	-0.0458533476179
2.833305	1.056097	-0.517077670777	0.493429660211
2.866638	1.037918	-0.491638249716	1.1619357386
2.899971	1.0223115	-0.434756847568	1.69431096938
2.933304	1.0089345	-0.372158721587	2.03862792513
2.966637	0.9972725	-0.298984656513	2.34554760516
2.99997	0.9886975	-0.215377570442	2.59256018428
3.033303	0.9825235	-0.12148038147	2.69188925418
3.066636	0.980637	-0.0278690286903	2.58053112425
3.099969	0.9814945	0.0458767087671	2.57362334721
3.133302	0.983038	0.135915109151	2.74072009191
3.166635	0.9900695	0.237529875299	2.65330098242
3.199968	0.999502	0.321851551849	2.28599780306
3.233301	1.01185	0.393310599773	1.77720429391
3.266634	1.0264275	0.440330653307	1.24625825837
3.299967	1.0415195	0.473773487735	0.782603499214
3.3333	1.0583265	0.493496184962	0.297391711693
3.366633	1.074962	0.493924939249	-0.190082968307
3.399966	1.0915975	0.480633556336	-0.673746460973
3.433299	1.107547	0.447905312386	-1.13382823201
3.466632	1.12161	0.405601556016	-1.60462896742
3.499965	1.1351585	0.34314634813	-2.11354157618
3.533298	1.1451055	0.26053968873	-2.48477504247
3.566631	1.1526515	0.171501715017	-2.6639008472
3.599964	1.156596	0.0791766250996	-2.70022622648
3.633297	1.1577965	-0.00971843051764	-2.66008965986
3.66663	1.1560815	-0.100185585189	-2.53991815922
3.699963	1.1509365	-0.183935589356	-2.28766519752
3.733296	1.143219	-0.250964176308	-2.07007022064
3.766629	1.134301	-0.317992763261	-1.93108098254
3.799962	1.1221245	-0.384163841638	-1.65750919168
3.833295	1.108233	-0.435328519952	-1.18111077488
3.866628	1.092455	-0.464483811505	-0.632418898315
3.899961	1.0768485	-0.47634601346	-0.105164950511
3.933294	1.060213	-0.470343453435	0.388383809304
3.966627	1.045121	-0.449191575249	0.847631883108
3.99996	1.030029	-0.416034577012	1.35094681047
4.033293	1.016652	-0.359010256769	1.82329584073
4.066626	1.005676	-0.288122881229	2.11068318567
4.099959	0.997444	-0.213519635196	2.25824759528
4.133292	0.991613	-0.140631406314	2.45500014142
4.166625	0.987497	-0.0520221868885	2.68128938941
4.199958	0.98784	0.0454479544795	2.69355664864
4.233291	0.990927	0.132770911042	2.52896099563
4.266624	0.996758	0.21580632473	2.2787327272
4.299957	1.005676	0.286264945983	1.96824005905
4.33329	1.0161375	0.346004710047	1.66775175765
4.366623	1.0288285	0.399313159798	1.30271147077
4.399956	1.0432345	0.435900192335	0.846440887066
4.433289	1.0583265	0.456337480041	0.361824597567
4.466622	1.0741045	0.459767514342	-0.124578185996
4.499955	1.089368	0.447476558099	-0.59430702497
4.533288	1.1042885	0.420893792271	-1.0741593303
4.566621	1.1180085	0.374588329217	-1.51220767456
4.599954	1.129499	0.317849845165	-1.88975341988
4.633287	1.139446	0.249106241062	-2.25658020082
4.66662	1.1464775	0.167642926429	-2.57540984127
4.699953	1.1512795	0.0688865221986	-2.63114845604
4.733286	1.1505935	-0.0180076800768	-2.39044815595
4.766619	1.149393	-0.086322529892	-2.21954022392
4.799952	1.145277	-0.162354956883	-2.13247841324
4.833285	1.138417	-0.232527741944	-1.96573896736
4.866618	1.1293275	-0.292410424104	-1.80590729852
4.899951	1.1190375	-0.351006843402	-1.65488900039
4.933284	1.106175	-0.41231870652	-1.24637735798
4.966617	1.0902255	-0.437186455198	-0.720790804633
4.99995	1.07702	-0.455051217179	-0.285600850877
5.033283	1.05987	-0.464626729601	0.365397585693
5.066616	1.0446065	-0.431898485652	1.03009247675
5.099949	1.0308865	-0.388022630226	1.46742622338
5.133282	1.018367	-0.32971204712	1.74373730513
5.166615	1.008763	-0.266542248756	1.85723922793
5.199948	1.000874	-0.208088747554	2.03267294492
5.233281	0.9945285	-0.136915535822	2.35305088023
5.266614	0.99127	-0.0511646783134	2.64079552398
5.299947	0.990584	0.0488779887799	2.63769893427
5.33328	0.995043	0.135343436768	2.31648730174
5.366613	1.0003595	0.199942416091	2.04279641128
5.399946	1.008077	0.267971429714	1.85426173783
5.433279	1.0185385	0.325853258533	1.61022664882
5.466612	1.030029	0.375588755888	1.33129537577
5.499945	1.0435775	0.420036283696	0.88479095962
5.533278	1.058841	0.438758554252	0.323117226201
5.566611	1.0734185	0.43747229139	-0.140180234146
5.599944	1.0881675	0.426324679913	-0.523800059282
5.633277	1.102059	0.404458211249	-0.943864363304
5.66661	1.1156075	0.366013243466	-1.41859538565
5.699943	1.127098	0.306845151785	-1.80090511514
5.733276	1.1361875	0.240816991503	-2.02874265798
5.766609	1.143219	0.170215452155	-2.19036082089
5.799942	1.147678	0.094754697547	-2.32327597918
5.833275	1.149736	0.0134343010097	-2.39020995674
5.866608	1.1485355	-0.0676002593359	-2.35698116717
5.899941	1.1451055	-0.144776031094	-2.26408347589
5.933274	1.1389315	-0.221237212372	-2.074476906
5.966607	1.1300135	-0.286264945983	-1.78399297135
5.99994	1.119552	-0.340287986213	-1.48374286915
6.033273	1.1070325	-0.38444967783	-1.18694665548
6.066606	1.0936555	-0.417892512258	-0.891817836268
6.099939	1.079421	-0.451621182878	-0.371948063924
6.133272	1.0624425	-0.451049510495	0.367660478173
6.166605	1.0483795	-0.419607529409	0.90718168521
6.199938	1.034488	-0.38273466068	1.21838895099
6.233271	1.0226545	-0.336857951913	1.45825555385
6.266604	1.0120215	-0.288408717421	1.77005831766
6.299937	1.002932	-0.222237639043	2.1595140234
6.33327	0.996758	-0.142203505368	2.45678663549
6.366603	0.992985	-0.048735070684	2.47250778324
6.399936	0.9941855	0.0284407010737	2.29362017773
6.433269	0.995043	0.0991851585183	2.20524827141
6.466602	1.0003595	0.178504701714	2.03707963028
6.499935	1.007734	0.236672366724	1.82460593638
6.533268	1.015966	0.297269639363	1.6635832715
6.566601	1.027628	0.351864351977	1.38500929727
6.599934	1.039976	0.391023910239	1.04998211065
6.633267	1.0538675	0.421179628463	0.686013720206
6.6666	1.068102	0.443189015223	0.146135214356
6.699933	1.0843945	0.43504268376	-0.483067994645
6.733266	1.097943	0.401456931236	-0.867640616614
6.766599	1.1108055	0.371158294916	-1.09845564956
6.799932	1.122639	0.337000870009	-1.53257370688
6.833265	1.134301	0.273545235452	-2.06864102539
6.866598	1.141504	0.18965231319	-2.34733409923
6.899931	1.146649	0.109904015707	-2.39461664209
6.933264	1.1488785	0.0290123734571	-2.36579453788
6.966597	1.1485355	-0.0488779887799	-2.29945605834
6.99993	1.1454485	-0.123481234812	-2.24026355505
7.033263	1.1403035	-0.196941136078	-2.1623724139
7.066596	1.1327575	-0.276689433561	-1.82365313955
7.099929	1.120924	-0.32871162045	-1.2356583936
7.133262	1.109605	-0.347433891006	-0.939338578344
7.166595	1.0984575	-0.379447544475	-0.925403924653
7.199928	1.084909	-0.422037137038	-0.581086968904
7.233261	1.069131	-0.431469731364	0.120647899057
7.266594	1.055068	-0.407459491262	0.686490118623
7.299927	1.042034	-0.377732527325	1.03092617398
7.33326	1.029686	-0.339001723351	1.33558296153
7.366593	1.019053	-0.288408717421	1.61153674446
7.399926	1.0103065	-0.230241052411	1.83520580115
7.433259	1.0034465	-0.164355810225	1.99444197197
7.466592	0.999159	-0.0926109261093	2.03791332751
7.499925	0.997787	-0.0311561448948	2.14105358475
7.533258	0.9965865	0.0438758554252	2.37091582086
7.566591	1.0000165	0.135915109151	2.34399931031
7.599924	1.006362	0.209803764704	2.03112465007
7.633257	1.0144225	0.26982936496	1.70371983812
7.66659	1.0243695	0.323852405191	1.3489221172
7.699923	1.036546	0.361011110111	0.962801200372
7.733256	1.0487225	0.386593449268	0.601810300035
7.766589	1.0624425	0.403600702674	0.182341494034
7.799922	1.076334	0.399170241702	-0.240938499301
7.833255	1.089368	0.38273466068	-0.553813159541
7.866588	1.101716	0.364298226316	-0.923260131777
7.899921	1.1142355	0.326567849012	-1.42014368051
7.933254	1.1241825	0.266971003043	-1.83711139482
7.966587	1.132243	0.197798644653	-2.06471073845
7.99992	1.137388	0.125767924346	-2.15498823844
8.033253	1.1406465	0.0527367773678	-2.16356340994
8.066586	1.1409895	-0.0210089600896	-2.0830520775
8.099919	1.139103	-0.0898954822882	-1.9073801613
8.133252	1.1344725	-0.145204785381	-1.80173881237
8.166585	1.1296705	-0.205230385637	-1.80292980842
8.199918	1.1210955	-0.271401464015	-1.63428476887
8.233251	1.110977	-0.320136534699	-1.28353643449
8.266584	1.0994865	-0.358009830098	-0.874786592867
8.299917	1.086624	-0.378447117805	-0.453888591615
8.33325	1.073933	-0.386307613076	-0.0772956431273
8.366583	1.0607275	-0.385450104501	0.353487625273
8.399916	1.0476935	-0.365441571082	0.849061078359
8.433249	1.03586	-0.327568275683	1.2923498052
8.466582	1.0253985	-0.274259825932	1.57795065608
8.499915	1.0175095	-0.216663833305	1.69145257888
8.533248	1.011164	-0.162497874979	1.8110285815
8.566581	1.006362	-0.0988993223266	1.99074988424
8.599914	1.004304	-0.0275831924986	2.1000833209
8.633247	1.0044755	0.0457337906712	2.06983202143
8.66658	1.0075625	0.113191131911	1.93989435325
8.699913	1.012193	0.174645913126	1.79792762504
8.733246	1.0192245	0.233671086711	1.62237480844
8.766579	1.027971	0.28497868312	1.37345663566
8.799912	1.0384325	0.327854111874	1.03819124983
8.833245	1.050266	0.355580222469	0.648378245278
8.866578	1.0624425	0.370872458725	0.253443957743
8.899911	1.075305	0.37344498445	-0.166382147071
8.933244	1.0878245	0.359153174865	-0.56512762194
8.966577	1.0994865	0.334428344283	-0.920282641672
8.99991	1.1104625	0.297126721267	-1.24554366075
9.033243	1.119552	0.249820831542	-1.51768625635
9.066576	1.1272695	0.195654873215	-1.76862912241
9.099909	1.132929	0.130770057701	-1.98038821868
9.133242	1.136016	0.0621693716937	-2.1311683176
9.166575	1.1372165	-0.0115763657637	-2.21894472589
9.199908	1.135673	-0.093754270876	-2.05887485785
9.233241	1.1303565	-0.158210332103	-1.64893402018
9.266574	1.1241825	-0.196798217982	-1.40585172801
9.299907	1.1176655	-0.243246599133	-1.38119810994
9.33324	1.108233	-0.294125441254	-1.22875061656
9.366573	1.0976	-0.33214165475	-0.878597780201
9.399906	1.085595	-0.353436451031	-0.47556471958
9.433239	1.0737615	-0.362726127261	-0.0903965995896
9.466572	1.0610705	-0.358867338673	0.276191982145
9.499905	1.04958	-0.344432610993	0.645162555964
9.533238	1.0377465	-0.316849418494	1.05188770432
9.566571	1.0281425	-0.275117334507	1.47195200834
9.599904	1.019053	-0.220236785701	1.88534673452
9.633237	1.012536	-0.140202652027	2.01802369361
9.66657	1.0103065	-0.0747461641283	1.84056528334
9.699903	1.008077	-0.0225810591439	1.76886732161
9.733236	1.00842	0.0377303773038	1.83341930709
9.766569	1.010478	0.101043093764	1.87355587371
9.799902	1.0151085	0.166356663567	1.80078601554
9.833235	1.021797	0.223952656193	1.62463770092
9.866568	1.0302005	0.276260679273	1.3659533606
9.899901	1.0404905	0.316563582302	1.02651948862
9.933234	1.051295	0.351578515785	0.511770999258
9.966567	1.0651865	0.351006843402	-0.00357298812605
9.9999	1.074962	0.339144641446	-0.206161414874
10.033233	1.0871385	0.339430477638	-0.444598822488
10.066566	1.0984575	0.31527731944	-0.813926695119
10.099899	1.1084045	0.282263239299	-1.11858348267
10.133232	1.117494	0.239101974353	-1.37917341666
10.166565	1.1245255	0.188937722711	-1.58593032956
10.199898	1.130185	0.133914255809	-1.79221084404
10.233231	1.1337865	0.068457767911	-1.95204251288
10.266564	1.1348155	0.000285836191695	-1.99694306366
10.299897	1.1337865	-0.0676002593359	-1.93655956433
10.33323	1.130185	-0.131055893892	-1.79304454127
10.366563	1.1248685	-0.18793729604	-1.61653892784
10.399896	1.117494	-0.238673220066	-1.44122431045
10.433229	1.1087475	-0.28326366597	-1.26055021088
10.466562	1.098629	-0.323995323287	-1.01568142464
10.499895	1.0871385	-0.360296519632	-0.526539350179
10.533228	1.073247	-0.358724420578	-0.0298940006548
10.566561	1.0633	-0.353293532935	0.252848459722
10.599894	1.049923	-0.347862645293	0.665766787491
10.633227	1.038947	-0.310561022277	1.10643532304
10.66656	1.0291715	-0.267542675427	1.38262730519
10.699893	1.021111	-0.219522195222	1.64845762177
10.733226	1.013908	-0.155209052091	1.81019488427
10.766559	1.010821	-0.0914675813425	1.77160661251
10.799892	1.0082485	-0.0380162134955	1.74314180711
10.833225	1.008077	0.0205802058021	1.81126678071
10.866558	1.009449	0.0833212498792	1.86498070221
10.899891	1.013565	0.148206065394	1.82841712372
10.933224	1.0195675	0.207231238979	1.70634002941
10.966557	1.0274565	0.262111787785	1.52900071875
10.99989	1.036889	0.316277746111	1.13835401697
11.033223	1.0494085	0.344146774801	0.580610570487
11.066556	1.060556	0.348863071964	0.175195517782
11.099889	1.072561	0.351006843402	-0.0890865039434
11.133222	1.084223	0.344003856705	-0.369208773027
11.166555	1.0957135	0.327425357587	-0.682678931288
11.199888	1.106175	0.303272199389	-1.10595892462
11.233221	1.1169795	0.250106667733	-1.42740875637
11.266554	1.122639	0.19894198942	-1.51399416862
11.299887	1.129842	0.154923215899	-1.73563853204
11.33322	1.1337865	0.0876087927546	-2.04827499307
11.366553	1.1358445	0.0142918095848	-2.2220413156
11.399886	1.1351585	-0.0700298669653	-2.10151251615
11.433219	1.130528	-0.135200518672	-1.70181424445
11.466552	1.125383	-0.178361783618	-1.41502239753
11.499885	1.118866	-0.223523901906	-1.28544202816
11.533218	1.1104625	-0.266113494468	-1.1195362795
11.566551	1.1008585	-0.300556755568	-0.882647166744
11.599884	1.0902255	-0.326710767108	-0.575965685923
11.633217	1.078735	-0.340287986213	-0.216880379253
11.66655	1.0672445	-0.341860085268	0.166501246675
11.699883	1.0555825	-0.329854965216	0.559529940543
11.733216	1.044778	-0.302128854622	0.88026517466
11.766549	1.0353455	-0.268400184002	1.12013177752
11.799882	1.0267705	-0.22852603526	1.36916904991
11.833215	1.019739	-0.177075520755	1.59676839354
11.866548	1.0147655	-0.118479101458	1.70824562307
11.899881	1.01185	-0.0597397640643	1.70729282624
11.933214	1.010821	-0.00242960762941	1.64798122335
11.966547	1.0120215	0.0471629716297	1.67049104854
11.99988	1.0137365	0.103043947106	1.83996978532
12.033213	1.018367	0.173788404551	1.87105478202
12.066546	1.02557	0.236243612436	1.61784902349
12.099879	1.034145	0.2925533422	1.04950571223
12.133212	1.046493	0.307845578456	0.447576312593
12.166545	1.0552395	0.305273052731	0.296677114068
12.199878	1.0658725	0.323566568999	0.263091025683
12.233211	1.07702	0.334428344283	-0.0640755870609
12.266544	1.0888535	0.325138668053	-0.571678100171
12.299877	1.099315	0.293982523159	-1.03342726566
12.33321	1.1087475	0.250678340117	-1.32248200506
12.366543	1.116122	0.201943269433	-1.46432963367
12.399876	1.122296	0.151064427311	-1.52900071875
12.433209	1.1262405	0.0980418137515	-1.54972404988
12.466542	1.12847	0.0523080230802	-1.68573579788
12.499875	1.1303565	-0.0105759390927	-1.89940048782
12.533208	1.128127	-0.0826066593999	-1.88201194561
12.566541	1.124354	-0.142346423464	-1.67299214023
12.599874	1.1183515	-0.192796511298	-1.45575446217
12.633207	1.1114915	-0.239101974353	-1.22744052091
12.66654	1.1022305	-0.277975696424	-0.909206378481
12.699873	1.092455	-0.300556755568	-0.560601836981
12.733206	1.0819935	-0.314276892769	-0.232720626611
12.766539	1.071189	-0.315848991823	0.087657308693
12.799872	1.0607275	-0.308560168935	0.403390359434
12.833205	1.050266	-0.288980389804	0.713883027589
12.866538	1.0411765	-0.258967589676	0.969232578999
12.899871	1.0329445	-0.224238492385	1.2129103692
12.933204	1.025913	-0.178790537905	1.45777915544
12.966537	1.020768	-0.124767497675	1.62439950172
12.99987	1.0175095	-0.0673144231442	1.69002338363
13.033203	1.016309	-0.00986134861349	1.67894712044
13.066536	1.016995	0.0438758554252	1.66775175765
13.099869	1.019053	0.101614766148	1.6324982748
13.133202	1.023855	0.156066560666	1.49505733155
13.166535	1.029686	0.203086614199	1.2924689048
13.199868	1.037575	0.243103681037	1.04640912252
13.233201	1.04615	0.273259399261	0.773313730086
13.266534	1.0559255	0.296555048884	0.441621332382
13.299867	1.066387	0.30427262606	0.0605025989348
13.3332	1.0765055	0.299413410801	-0.278931273042
13.366533	1.086624	0.28497868312	-0.578347678007
13.399866	1.0960565	0.254822964896	-0.736392852783
13.433199	1.1029165	0.237386957203	-0.940767773595
13.466532	1.112349	0.204515795158	-1.43193454133
13.499865	1.1180085	0.133628419618	-1.69264357492
13.533198	1.120581	0.0773186898536	-1.57175747666
13.566531	1.122639	0.0330140801408	-1.51280317258
13.599864	1.1231535	-0.0184364343643	-1.56020481505
13.633197	1.12161	-0.0743174098408	-1.5303108144
13.66653	1.1180085	-0.125196251963	-1.37714872339
13.699863	1.1128635	-0.165070400704	-1.2356583936
13.733196	1.1070325	-0.203944122775	-1.16991541208
13.766529	1.0994865	-0.246247879145	-1.01198933691
13.799862	1.0902255	-0.276689433561	-0.700543871918
13.833195	1.0806215	-0.293125014583	-0.356703314586
13.866528	1.070503	-0.300699673663	0.0152447493379
13.899861	1.060213	-0.293553768871	0.422088997293
13.933194	1.050609	-0.27397398974	0.837032018334
13.966527	1.0411765	-0.232241905752	1.08726028676
13.99986	1.0353455	-0.193368183682	1.10965101235
14.033193	1.028657	-0.162497874979	1.21695975574
14.066526	1.023855	-0.11462031287	1.38131720954
14.099859	1.021111	-0.0677431774318	1.48660125965
14.133192	1.0192245	-0.0158639086391	1.59093251294
14.166525	1.0199105	0.0400170668373	1.63083088034
14.199858	1.0219685	0.0941830251636	1.6154670314
14.233191	1.0260845	0.150349836832	1.50387070226
14.266524	1.0322585	0.197655726557	1.28365553409
14.299857	1.0394615	0.237244039107	1.01008374324
14.33319	1.0483795	0.265827658277	0.70030567271
14.366523	1.057469	0.283406584066	0.396601681994
14.399856	1.067416	0.293553768871	0.0616935949768
14.433189	1.0775345	0.287551208845	-0.266306714997
14.466522	1.0867955	0.273116481165	-0.517606879864
14.499855	1.095885	0.252107521075	-0.738179346846
14.533188	1.103774	0.224095574289	-0.958156315808
14.566521	1.110977	0.18965231319	-1.2100519787
14.599854	1.116808	0.142632259656	-1.43086264489
14.633187	1.120581	0.0913246632466	-1.55818012178
14.66652	1.122982	0.036587032537	-1.60772555713
14.699853	1.122982	-0.0174360076934	-1.59402910264
14.733186	1.1217815	-0.0700298669653	-1.55329703801
14.766519	1.1183515	-0.122766644333	-1.45230057364
14.799852	1.113378	-0.168357516908	-1.30294966997
14.833185	1.1070325	-0.209803764704	-1.14538089361
14.866518	1.0991435	-0.244104107708	-0.983524531503
14.899851	1.09074	-0.275403170698	-0.773671028899
14.933184	1.0809645	-0.304844298443	-0.317757744012
14.966517	1.0693025	-0.303129281293	0.292985026338
14.99985	1.0596985	-0.270115201152	0.511890098862
15.033183	1.0524955	-0.263540968743	0.559649040147
15.066516	1.0415195	-0.240674073407	0.786891084965
15.099849	1.036203	-0.2099466828	1.00186587055
15.133182	1.027628	-0.177790111234	1.3179562201
15.166515	1.0233405	-0.118193265266	1.51554246348
15.199848	1.0202535	-0.0698869488695	1.52626142785
15.233181	1.01871	-0.0201514515145	1.60141327811
15.266514	1.0185385	0.0374445411121	1.64357453799
15.299847	1.0212825	0.0934684346843	1.58616852877
15.33318	1.0250555	0.142918095848	1.51137397733
15.366513	1.030715	0.19308234749	1.42466946547
15.399846	1.0377465	0.244532861995	1.14192700509
15.433179	1.0476935	0.27568900689	0.675890253849
15.466512	1.056783	0.285836191695	0.291794030296
15.499845	1.06673	0.291552915529	0.0102425659614
15.533178	1.0765055	0.286836618366	-0.252848459722
15.566511	1.0861095	0.273545235452	-0.473897325121
15.599844	1.094856	0.254251292513	-0.656119719551
15.633177	1.1032595	0.229097707644	-0.815474989974
15.66651	1.110291	0.197798644653	-0.942316068449
15.699843	1.116122	0.171358796921	-1.21255307038
15.733176	1.1224675	0.122909562429	-1.63857235462
15.766509	1.1248685	0.0564526478598	-1.90356897397
15.799842	1.126069	-0.00886092194255	-1.98062641789
15.833175	1.124697	-0.0830354136875	-1.79768942583
15.866508	1.119895	-0.13734429011	-1.37000274714
15.899841	1.11475	-0.169215025484	-1.07058634218
15.933174	1.1087475	-0.200942842762	-0.977807750502
15.966507	1.1015445	-0.235671940053	-0.869427110678
15.99984	1.092798	-0.263255132551	-0.640636771005
16.033173	1.0837085	-0.280548222149	-0.334669887809
16.066506	1.0737615	-0.285836191695	-0.0136964544834
16.099839	1.064329	-0.279404877382	0.248799073179
16.133172	1.055068	-0.26811434781	0.464845755202
16.166505	1.04615	-0.2478199782	0.663384795407
16.199838	1.0384325	-0.222380557139	0.852157668068
16.233171	1.0315725	-0.197369890366	1.19671282303
16.266504	1.0243695	-0.147491474915	1.62297030647
16.299837	1.020768	-0.0727453107864	1.61951641794
16.33317	1.0209395	-0.0312990629906	1.38977328144
16.366503	1.0188815	0.00485921525882	1.50470439949
16.399836	1.020082	0.0686006860069	1.63392747005
16.433169	1.023855	0.123624152908	1.52173564289
16.466502	1.028657	0.169929615963	1.38489019767
16.499835	1.035174	0.215377570442	1.21564966009
16.533168	1.0432345	0.2512500125	0.992457001819
16.566501	1.0514665	0.292982096488	0.473897325121
16.599834	1.0645005	0.28740829075	-0.147207110794
16.633167	1.071189	0.263683886839	-0.266783113413
16.6665	1.080793	0.268257265906	-0.320616134513
16.699833	1.0898825	0.251392930596	-0.574536490672
16.733166	1.0977715	0.228240199069	-0.794275260426
16.766499	1.1053175	0.196369463695	-0.971138172666
16.799832	1.110977	0.160068267349	-1.06403586394
16.833165	1.1156075	0.130341303413	-1.28115444241
16.866498	1.1204095	0.0796053793871	-1.60427166861
16.899831	1.1214385	0.0147205638723	-1.69109528007
16.933164	1.120924	-0.0400170668373	-1.57604506241
16.966497	1.118523	-0.0878946289463	-1.47909798459
16.99983	1.1152645	-0.137915962493	-1.3802453131
17.033163	1.109262	-0.184793097931	-1.15169317264
17.066496	1.102402	-0.215663406634	-0.881575270306
17.099829	1.094856	-0.242532008653	-0.624677424042
17.133162	1.085938	-0.258395917293	-0.341101266436
17.166495	1.077363	-0.26468431351	-0.078248439961
17.199828	1.068102	-0.263255132551	0.172456226885
17.233161	1.059527	-0.251964602979	0.392314096243
17.266494	1.051295	-0.237529875299	0.625392021667
17.299827	1.043406	-0.212662126621	0.912422067795
17.33316	1.0367175	-0.175217585509	1.14657188966
17.366493	1.0315725	-0.132056320563	1.25959741404
17.399826	1.027971	-0.0888950556172	1.29759018779
17.433159	1.0257415	-0.0474488078214	1.3717892412
17.466492	1.024541	0.00142918095848	1.4651633309
17.499825	1.0257415	0.0530226135595	1.47397670161
17.533158	1.0281425	0.102758110914	1.38500929727
17.566491	1.032773	0.146919802531	1.22934611458
17.599824	1.0380895	0.184793097931	1.05045850907
17.633157	1.045121	0.219379277126	0.799634742615
17.66649	1.0531815	0.239244892449	0.513676592925
17.699823	1.061242	0.251964602979	0.264520220934
17.733156	1.07016	0.25710965443	-0.00154829485465
17.766489	1.0785635	0.253107947746	-0.292270428713
17.799822	1.08731	0.24024531912	-0.638969376546
17.833155	1.0953705	0.204229958966	-0.828099548019
17.866488	1.1001725	0.183506835068	-0.951010339556
17.899821	1.108233	0.14591937586	-1.16074474256
17.933154	1.1104625	0.0956122061221	-1.10607802423
17.966487	1.1135495	0.0706015393487	-1.04736191936
17.99982	1.1152645	0.0393024763581	-1.32557859477
18.033153	1.1169795	-0.0125767924346	-1.70824562308
18.066486	1.115436	-0.0910388270549	-1.6495295182
18.099819	1.109605	-0.136200945343	-1.19766561986
18.133152	1.1056605	-0.160782857829	-0.957322618579
18.166485	1.0994865	-0.195940709407	-0.813807595515
18.199818	1.0922835	-0.220093867605	-0.565246721545
18.233151	1.084566	-0.236529448628	-0.252491160909
18.266484	1.0758195	-0.232813578136	-0.039421968991
18.299817	1.0693025	-0.233099414327	0.0208424307354
18.33315	1.060556	-0.23781571149	0.239271104843
18.366483	1.052667	-0.22095137618	0.555956952417
18.399816	1.0456355	-0.196798217982	0.785104590902
18.433149	1.0394615	-0.166785417854	0.964825893644
18.466482	1.034488	-0.133771337713	1.15883914889
18.499815	1.0302005	-0.0906100727674	1.36964544833
18.533148	1.0281425	-0.0383020496872	1.47278570557
18.566481	1.027971	0.00857508575086	1.52209294171
18.599814	1.0284855	0.0614547812145	1.54710385859
18.633147	1.0315725	0.12219497195	1.27353206774
18.66648	1.037575	0.156495314953	0.761641968874
18.699813	1.0432345	0.158924922583	0.611338268371
18.733146	1.047179	0.183506835068	0.813569396307
18.766479	1.054725	0.225810591439	0.707928047379
18.799812	1.0633	0.241102827695	0.31204096301
18.833145	1.071189	0.242674926749	-0.0238199208405
18.866478	1.0795925	0.236386530532	-0.275715583729
18.899811	1.0871385	0.222952229522	-0.470919835016
18.933144	1.094513	0.205944976116	-0.683274429309
18.966477	1.1012015	0.17793302933	-0.904799693126
18.99981	1.106518	0.14420435871	-1.08213900378
19.033143	1.110977	0.104473128065	-1.21445866405
19.066476	1.1135495	0.0617406174062	-1.29544639491
19.099809	1.115093	0.0181505981726	-1.36654885862
19.133142	1.1149215	-0.0298698820322	-1.41859538565
19.166475	1.113035	-0.0774616079494	-1.42228747339
19.199808	1.1097765	-0.125339170058	-1.35404340018
19.233141	1.1049745	-0.176075094084	-1.04140693915
19.266474	1.097257	-0.203086614199	-0.543808792788
19.299807	1.0902255	-0.199513661803	-0.384334422761
19.33314	1.0847375	-0.213662553292	-0.58156336732
19.366473	1.0771915	-0.254108374417	-0.37778394453
19.399806	1.066387	-0.257252572526	0.277382978187
19.433139	1.058498	-0.220093867605	0.556552450438
19.466472	1.052667	-0.20237202372	0.391004000597
19.499805	1.0459785	-0.206659566596	0.517606879864
19.533138	1.0377465	-0.18207765411	1.01079834087
19.566471	1.0329445	-0.131341730084	1.33117627617
19.599804	1.029343	-0.0850362670293	1.42478856507
19.633137	1.027285	-0.0370157868245	1.48171817588
19.66647	1.0267705	0.0127197105304	1.52245024052
19.699803	1.0277995	0.0697440307736	1.41216400703
19.733136	1.0319155	0.11290529572	1.13787761855
19.766469	1.03586	0.140917242506	0.970304475437
19.799802	1.041005	0.174074240742	0.887768449725
19.833135	1.047522	0.203801204679	0.716622318486
19.866468	1.0548965	0.224381410481	0.477113014435
19.899801	1.0627855	0.234671513382	0.254873152993
19.933134	1.0706745	0.238816138161	0.108023341012
19.966467	1.078735	0.241388663887	-0.0254873152993
19.9998	1.086967	0.237244039107	-0.195085151684
20.033133	1.0943415	0.23438567719	-0.555837852813
20.066466	1.1032595	0.208803338033	-1.13621022409
20.099799	1.109262	0.153636953036	-1.54662746017
20.133132	1.113721	0.0910388270549	-1.52828612113
20.166465	1.11475	0.0433041830418	-1.24685375639
20.199798	1.1159505	0.0144347276806	-1.11560599256
20.233131	1.116122	-0.023438567719	-1.19980941274
20.266464	1.1145785	-0.0667427507608	-1.27484216338
20.299797	1.111663	-0.111047360474	-1.26900628278
20.33313	1.107204	-0.155066133995	-1.13382823201
20.366463	1.10103	-0.189509395094	-0.898844712916
20.399796	1.0943415	-0.215234652347	-0.646829950423
20.433129	1.0864525	-0.232384823848	-0.405891451122
20.466462	1.0785635	-0.239816564832	-0.238675606822
20.499795	1.070503	-0.247105387721	-0.0938504881115
20.533128	1.061928	-0.248105814391	0.145301517127
20.566461	1.054039	-0.244818698187	0.591329534865
20.599794	1.044778	-0.215949242826	1.18706575509
20.633127	1.038261	-0.150206918736	1.3490412168
20.66646	1.03586	-0.110332769994	1.0711818402
20.699793	1.0315725	-0.0874658746587	0.96244390156
20.733126	1.029343	-0.0518792687927	1.01329943255
20.766459	1.0281425	-0.0162926629266	1.04926751302
20.799792	1.0288285	0.0111476114761	1.25507162908
20.833125	1.027971	0.0607401907352	1.56901818576
20.866458	1.031744	0.136915535822	1.3377267544
20.899791	1.03929	0.158924922583	0.86013734155
20.933124	1.0425485	0.173359650263	0.862876632446
20.966457	1.0494085	0.218664686647	0.809877308576
20.99979	1.0579835	0.241531581982	0.414109323812
21.033123	1.0662155	0.244675780091	0.0314422955094
21.066456	1.0744475	0.237958629586	-0.200682833081
21.099789	1.082165	0.227954362877	-0.315852150345
21.133122	1.089711	0.215377570442	-0.403509459038
21.166455	1.096228	0.206802484692	-0.654452325092
21.199788	1.104117	0.179362210289	-1.09488266143
21.233121	1.1090905	0.126625432921	-1.34296713699
21.266454	1.1121775	0.0807487241539	-1.33796495361
21.299787	1.1142355	0.0395883125498	-1.34523002947
21.33312	1.115093	-0.00700298669653	-1.37762512181
21.366453	1.1138925	-0.056309729764	-1.30628445889
21.399786	1.110977	-0.0963267966013	-1.16407953147
21.433119	1.1073755	-0.132199238659	-1.04497992727
21.466452	1.1022305	-0.167500008333	-0.879550577035
21.499785	1.095885	-0.192796511298	-0.659335408864
21.533118	1.0891965	-0.210947109471	-0.448529109426
21.566451	1.0816505	-0.222523475235	-0.243201391781
21.599784	1.0741045	-0.225524755248	-0.0743181530223
21.633117	1.06673	-0.228811871452	0.13744094325
21.66645	1.058498	-0.220093867605	0.446028017738
21.699783	1.051638	-0.197941562749	0.71674141809
21.733116	1.045121	-0.1686433531	0.874786592867
21.766449	1.040319	-0.135772191055	0.905871589563
21.799782	1.036203	-0.107617326173	0.928619613966
21.833115	1.033116	-0.0760324269909	1.03569015814
21.866448	1.031401	-0.0480204802048	1.36690615743
21.899781	1.0284855	0.01686433531	1.61451423457
21.933114	1.0326015	0.0798912155788	1.30235417195
21.966447	1.035174	0.105902309023	0.893961629143
21.99978	1.0394615	0.132770911042	0.661717400949
22.033113	1.0446065	0.143061013943	0.648020946465
22.066446	1.0483795	0.170215452155	0.791059571112
22.099779	1.0555825	0.205516221829	0.666124086304
22.133112	1.0627855	0.22166596666	0.334669887809
22.166445	1.0706745	0.226382263823	0.0181031398388
22.199778	1.0782205	0.219093440934	-0.200682833081
22.233111	1.085252	0.210232518992	-0.349795537542
22.266444	1.092112	0.200942842762	-0.628726810585
22.299777	1.099315	0.172216305496	-0.997697384404
22.33311	1.104117	0.127768777688	-1.19218703807
22.366443	1.107547	0.0880375470421	-1.25459523067
22.399776	1.109948	0.0470200535339	-1.35416249978
22.433109	1.110977	-0.00100042667093	-1.44205800768
22.466442	1.110291	-0.05816766501	-1.2696017808
22.499775	1.1063465	-0.0936113527802	-0.882647166744
22.533108	1.103431	-0.111047360474	-0.659097209656
22.566441	1.098972	-0.127768777688	-0.705784254503
22.599774	1.0953705	-0.15592364257	-0.819405276913
22.633107	1.0888535	-0.191224412244	-0.688753011102
22.66644	1.0819935	-0.208374583746	-0.359561705087
22.699773	1.074619	-0.213805471388	-0.0477589412852
22.733106	1.067416	-0.207374157075	0.152090194566
22.766439	1.060899	-0.201657433241	0.28965023742
22.799772	1.0538675	-0.190938576052	0.499622839629
22.833105	1.047865	-0.17035837025	0.764976757792
22.866438	1.0422055	-0.13905930726	1.00746355195
22.899771	1.0384325	-0.100900175668	1.16872441604
22.933104	1.0353455	-0.0585964192975	1.23756398727
22.966437	1.034488	-0.0148634819682	1.19707012184
22.99977	1.0346595	0.0208660419938	1.14907298134
23.033103	1.0356885	0.0605972726394	1.12203737119
23.066436	1.0387755	0.0977559775598	1.03616655656
23.099769	1.042377	0.12976963103	0.933621797343
23.133102	1.0473505	0.161926202595	0.764500359375
23.166435	1.0535245	0.182792244589	0.532613429993
23.199768	1.0596985	0.197084054174	0.306443281613
23.233101	1.0669015	0.202800778008	0.0940886873199
23.266434	1.0734185	0.201371597049	-0.0640755870609
23.299767	1.0802785	0.199084907516	-0.237841909592
23.3331	1.086967	0.187365623656	-0.458890774992
23.366433	1.0929695	0.168500435004	-0.678867743954
23.399766	1.0984575	0.140631406314	-0.854420560548
23.433099	1.102402	0.109618179515	-0.968041582957
23.466432	1.105832	0.0757465907992	-1.06439316276
23.499765	1.107547	0.0385878858789	-1.15955374651
23.533098	1.1084045	-0.00057167238339	-1.26781528673
23.566431	1.1077185	-0.0458767087671	-1.33665485796
23.599764	1.1056605	-0.0974701413681	-1.16360313306
23.633097	1.100687	-0.131913402467	-0.766882351459
23.66643	1.0960565	-0.144633112998	-0.474611922747
23.699763	1.0909115	-0.151207345407	-0.497717245962
23.733096	1.086967	-0.18036263696	-0.486521883167
23.766429	1.0782205	-0.19308234749	-0.259279838349
23.799762	1.0734185	-0.18965231319	-0.204732219624
23.833095	1.066387	-0.203801204679	-0.174361820552
23.866428	1.05987	-0.214377143771	0.198896339018
23.899761	1.0511235	-0.198370317037	0.77569572217
23.933094	1.0456355	-0.151207345407	1.04652822213
23.966427	1.041691	-0.118622019554	1.01246573532
23.99976	1.037575	-0.0828924955916	0.939576777553
24.033093	1.0367175	-0.0601685183519	0.980666141003
24.066426	1.0332875	-0.0288694553612	1.30140137512
24.099759	1.033459	0.0360153601536	1.36857355189
24.133092	1.0367175	0.0754607546075	1.0824963026
24.166425	1.038947	0.102329356627	0.905871589563
24.199758	1.0432345	0.132913829138	0.79808644776
24.233091	1.0480365	0.156638233049	0.682083433267
24.266424	1.053696	0.179219292193	0.539878505849
24.299757	1.060213	0.193654019874	0.361705497963
24.33309	1.06673	0.203229532295	0.180078601554
24.366423	1.073933	0.206087894212	-0.020604231527
24.399756	1.0806215	0.202514941816	-0.240462100885
24.433089	1.087653	0.190938576052	-0.481996098207
24.466422	1.0936555	0.169072107388	-0.684584524955
24.499755	1.098972	0.143918522519	-0.84143870369
24.533088	1.103431	0.112333623336	-0.967207885728
24.566421	1.106518	0.0783191165245	-1.04974391144
24.599754	1.1087475	0.0413033297	-1.09786015154
24.633087	1.109262	0.00400170668373	-1.1138194985
24.66642	1.108919	-0.0315848991823	-1.15538526037
24.699753	1.1073755	-0.0728882288823	-1.17956248002
24.733086	1.104117	-0.11462031287	-1.0685616489
24.766419	1.0994865	-0.14834898349	-0.834888225459
24.799752	1.093827	-0.169786697867	-0.609432674704
24.833085	1.087996	-0.184507261739	-0.508555309944
24.866418	1.0816505	-0.202086187529	-0.44721901378
24.899751	1.0744475	-0.216377997113	-0.295367018422
24.933084	1.067416	-0.230098134315	0.0807495316492
24.966417	1.058155	-0.217235505688	0.597403614679
24.99975	1.0518095	-0.173931322647	0.702687664794
25.033083	1.0480365	-0.164355810225	0.655047823113
25.066416	1.040662	-0.146776884436	0.994719894298
25.099749	1.0370605	-0.0990422404224	1.33308186984
25.133082	1.033802	-0.0430183468501	1.26769618713
25.166415	1.034831	-0.00414462477958	0.898487414103
25.199748	1.0343165	0.011290529572	0.678153146328
25.233081	1.035517	0.0285836191695	0.810591906202
25.266414	1.0356885	0.0597397640643	1.11286670167
25.299747	1.0387755	0.111904869049	1.18158717329
25.33308	1.0439205	0.145490621573	1.02258920168
25.366413	1.0483795	0.178790537905	0.849418377172
25.399746	1.0559255	0.206802484692	0.542498697142
25.433079	1.062957	0.212519208525	0.284052556023
25.466412	1.0696455	0.225381837152	0.0262019129246
25.499745	1.0785635	0.219665113318	-0.349914637147
25.533078	1.084909	0.19651238179	-0.569415207692
25.566411	1.091426	0.176789684564	-0.656357918759
25.599744	1.0967425	0.153922789228	-0.757711681936
25.633077	1.101716	0.129483794838	-0.935050992593
25.66641	1.105832	0.0916104994383	-1.10929371354
25.699743	1.10789	0.0508788421218	-1.15026397739
25.733076	1.1090905	0.0130055467221	-1.12287106842
25.766409	1.1087475	-0.0241531581982	-1.07558852555
25.799742	1.1073755	-0.0580247469141	-1.03866764825
25.833075	1.1049745	-0.093754270876	-0.985430125171
25.866408	1.10103	-0.125910842442	-0.868712513052
25.899741	1.0963995	-0.152350690174	-0.72638848603
25.933074	1.09074	-0.173931322647	-0.580372371278
25.966407	1.0847375	-0.191510248436	-0.40982173806
25.99974	1.0778775	-0.204229958966	-0.156258680714
26.033073	1.0706745	-0.202800778008	0.120766998661
26.066406	1.0641575	-0.193654019874	0.326332915515
26.099739	1.0576405	-0.179076374097	0.467942344911
26.133072	1.0521525	-0.161497448308	0.575131988693
26.166405	1.046836	-0.141631832985	0.70709435015
26.199738	1.0425485	-0.115620739541	0.870379907511
26.233071	1.038947	-0.0837500041667	1.03211717002
26.266404	1.0367175	-0.0440187735211	1.11286670167
26.299737	1.036203	-0.00800341336747	1.12823055061
26.33307	1.0360315	0.0317278172782	1.09261976895
26.366403	1.038261	0.0700298669653	0.913493964232
26.399736	1.0411765	0.0951834518345	0.687442915456
26.433069	1.045121	0.107474408077	0.675532955036
26.466402	1.0476935	0.134628846288	0.80034934024
26.499735	1.053696	0.171215878825	0.660407305302
26.533068	1.0600415	0.18379267126	0.365993083714
26.566401	1.066044	0.190938576052	0.162094561319
26.599734	1.0727325	0.19479736464	-0.031204096301
26.633067	1.079421	0.188651886519	-0.204732219624
26.6664	1.0854235	0.177790111234	-0.317162245991
26.699733	1.0909115	0.172359223592	-0.565723119961
26.733066	1.0976	0.146919802531	-0.986502021609
26.766399	1.101373	0.100614339477	-1.22946521418
26.799732	1.104117	0.0578818288183	-1.23815948529
26.833065	1.105489	0.010290102901	-1.01806341672
26.866398	1.103774	-0.0100042667093	-0.801659435886
26.899731	1.104803	-0.0297269639363	-0.933740896947
26.933064	1.102745	-0.0727453107864	-1.06248756909
26.966397	1.099658	-0.109332343323	-0.961729303934
26.99973	1.095199	-0.13905930726	-0.761999267687
27.033063	1.0902255	-0.16106869402	-0.507840712319
27.066396	1.084223	-0.173216732167	-0.263210125287
27.099729	1.078392	-0.177075520755	-0.0875382090888
27.133062	1.0720465	-0.171501715017	-0.0978998746544
27.166395	1.067759	-0.18379267126	-0.0831315237333
27.199728	1.0596985	-0.19136733034	0.304775887154
27.233061	1.053696	-0.163641219746	0.710667338276
27.266394	1.048894	-0.134485928193	0.870856305928
27.299727	1.044778	-0.103758537585	0.943149765679
27.33306	1.0418625	-0.0707444574446	0.964111296018
27.366393	1.0401475	-0.0395883125498	0.984953726754
27.399726	1.0391185	-0.00543088764221	1.01222753612
27.433059	1.0398045	0.0285836191695	1.01270393453
27.466392	1.041005	0.0625981259813	0.98483462715
27.499725	1.0439205	0.0973272232722	0.862042935217
27.533058	1.047865	0.12148038147	0.678986843558
27.566391	1.051981	0.142775177752	0.493906058627
27.599724	1.0576405	0.156495314953	0.285005352856
27.633057	1.0631285	0.152636526365	0.303584891112
27.66639	1.06673	0.174217158838	0.36361109163
27.699723	1.0747905	0.192367757011	0.0210806299438
27.733056	1.080793	0.177504275043	-0.387907410887
27.766389	1.086624	0.158496168295	-0.602048499243
27.799722	1.091426	0.134628846288	-0.720790804633
27.833055	1.095542	0.110761524282	-0.813450296702
27.866388	1.098972	0.0824637413041	-0.93326449853
27.899721	1.1015445	0.0421608382751	-0.891341437851
27.933054	1.10103	0.0198656153228	-0.775576622566
27.966387	1.102745	0.000285836191695	-0.901226705
27.99972	1.1018875	-0.0401599849332	-1.02556669179
28.033053	1.0998295	-0.0751749184159	-0.963515797997
28.066386	1.0967425	-0.106759817598	-0.815713189182
28.099719	1.092455	-0.129483794838	-0.655286022322
28.133052	1.087996	-0.147634393011	-0.576561183944
28.166385	1.0826795	-0.167357090238	-0.508674409548
28.199718	1.076677	-0.18207765411	-0.386359116033
28.233051	1.070846	-0.200228252283	-0.0435904551381
28.266384	1.062614	-0.194940282736	0.543213294767
28.299717	1.0566115	-0.155351970186	0.871094505136
28.33305	1.0524955	-0.120194118608	0.737822048034
28.366383	1.0494085	-0.105044800448	0.543332394371
28.399716	1.0456355	-0.0950405337387	0.627774013751
28.433049	1.042377	-0.0673144231442	0.849180177963
28.466382	1.041005	-0.0334428344283	0.960300108684
28.499715	1.040319	-0.00185793524602	1.01056014166
28.533048	1.040662	0.0348720153868	1.00365236461
28.566381	1.04272	0.068457767911	0.898249214895
28.599714	1.045464	0.0954692880262	0.770455339585
28.633047	1.049237	0.117478674787	0.695541688542
28.66638	1.0531815	0.141060160602	0.637063782879
28.699713	1.0586695	0.162926629266	0.493906058627
28.733046	1.064329	0.175789257893	0.287268245336
28.766379	1.070503	0.182935162685	0.048830837723
28.799712	1.0768485	0.179219292193	-0.189844769099
28.833045	1.0826795	0.167642926429	-0.354440422106
28.866378	1.087996	0.154637379707	-0.486521883167
28.899711	1.093141	0.136200945343	-0.635753687232
28.933044	1.097257	0.111904869049	-0.776410319795
28.966377	1.100687	0.0840358403584	-0.9153995579
28.99971	1.1029165	0.0517363506968	-1.06415496355
29.033043	1.1042885	0.0141488914889	-1.18968594638
29.066376	1.10446	-0.0361582782495	-1.06379766474
29.099709	1.1012015	-0.0676002593359	-0.670768970868
29.133042	1.0988005	-0.0697440307736	-0.566318617982
29.166375	1.0974285	-0.0923250899176	-0.801540336282
29.199708	1.0933125	-0.13148464818	-0.851323970839
29.233041	1.087996	-0.156924069241	-0.668148779575
29.266374	1.0826795	-0.174360076934	-0.461749165493
29.299707	1.076677	-0.193939856065	-0.107308743386
29.33304	1.068445	-0.180791391247	0.217356777669
29.366373	1.064672	-0.165356236896	0.201397430706
29.399706	1.0586695	-0.177075520755	0.397673578432
29.433039	1.0511235	-0.145204785381	0.714716724819
29.466372	1.048894	-0.112333623336	0.625987519688
29.499705	1.044778	-0.103472701394	0.547143581706
29.533038	1.0418625	-0.0914675813425	0.840247707648
29.566371	1.0374035	-0.0465912992463	1.11846438306
29.599704	1.038947	-0.00414462477958	1.06224936988
29.633037	1.037575	0.0265827658277	0.925165725444
29.66637	1.0408335	0.0537372040387	0.887649350121
29.699703	1.041348	0.0770328536619	1.07261103545
29.733036	1.0449495	0.126911269113	1.18087257567
29.766369	1.049923	0.171358796921	0.852753166089
29.799702	1.0572975	0.190081067477	0.330977800078
29.833035	1.0633	0.185650606506	-0.00131009564621
29.866368	1.069474	0.182649326493	-0.111119930721
29.899701	1.0754765	0.178361783618	-0.187581876619
29.933034	1.081479	0.171215878825	-0.288697440587
29.966367	1.086967	0.160211185445	-0.430187770379
29.9997	1.0922835	0.14420435871	-0.612529264413
30.033033	1.096914	0.117907429074	-0.740918637743
30.066366	1.1001725	0.0908959089591	-0.757235283519
30.099699	1.1029165	0.0650277336107	-0.723649195134
30.133032	1.104117	0.0474488078214	-0.823811962268
30.166365	1.106518	0.0177218438851	-1.12692045496
30.199698	1.1060035	-0.0325853258533	-1.29759018779
30.233031	1.1039455	-0.0744603279366	-1.27126917526
30.266364	1.101373	-0.122623726237	-1.04998211065
30.299697	1.095199	-0.152207772078	-0.611100069163
30.33303	1.090397	-0.157924495912	-0.316328548762
30.366363	1.084909	-0.166499581662	-0.213664689939
30.399696	1.0792495	-0.172073387401	-0.146016114752
30.433029	1.0734185	-0.177075520755	-0.0747945514391
30.466362	1.0672445	-0.177075520755	0.0125054584413
30.499695	1.061585	-0.174788831222	0.0980189742586
30.533028	1.0559255	-0.177790111234	0.393862391097
30.566361	1.048894	-0.154923215899	0.837627516355
30.599694	1.0449495	-0.114477394774	1.06058197542
30.633027	1.0411765	-0.0710302936363	0.943030666075
30.66636	1.041348	-0.0530226135595	0.825717555935
30.699693	1.0374035	-0.0314419810865	1.06213027028
30.733026	1.037575	0.0302986363197	1.00841634878
30.766359	1.041348	0.0453050363837	0.740204040118
30.799692	1.040662	0.0611689450228	0.894676226768
30.833025	1.044092	0.105759390927	1.00162767134
30.866358	1.047865	0.145776457765	0.686371019018
30.899691	1.0552395	0.151636099694	0.337170979497
30.933024	1.0579835	0.15177901779	0.377307546113
30.966357	1.063986	0.184221425548	0.260947232807
30.99969	1.071875	0.176360930276	-0.0329905903641
31.033023	1.0754765	0.173502568359	-0.143872321877
31.066356	1.083194	0.172073387401	-0.387550112075
31.099689	1.0878245	0.147634393011	-0.608956276287
31.133022	1.092798	0.127482941496	-0.728055880489
31.166355	1.096571	0.0986134861349	-0.816427786807
31.199688	1.099315	0.0716019660197	-0.856207054611
31.233021	1.101373	0.0424466744667	-0.917543350775
31.266354	1.1022305	0.0108617752844	-0.980189742586
31.299687	1.1022305	-0.0244389943899	-0.99591089034
31.33302	1.1005155	-0.0577389107224	-0.938028482698
31.366353	1.098286	-0.0876087927546	-0.843225197753
31.399686	1.0946845	-0.115906575732	-0.689586708332
31.433019	1.0902255	-0.134343010097	-0.514272090946
31.466352	1.085595	-0.147777311106	-0.396006183973
31.499685	1.08045	-0.161211612116	-0.264162922121
31.533018	1.074619	-0.167214172142	-0.0837270217543
31.566351	1.069131	-0.167071254046	0.112310926763
31.599684	1.0633	-0.159782431158	0.314780253907
31.633017	1.0583265	-0.146062293956	0.50700701509
31.66635	1.053353	-0.125339170058	0.664694891054
31.699683	1.0497515	-0.0981847318473	0.717932414132
31.733016	1.0470075	-0.0754607546075	0.713644828381
31.766349	1.044778	-0.0533084497512	0.769621642356
31.799682	1.0432345	-0.0254394210609	0.846798185879
31.833015	1.0428915	0.00671715050484	0.833697229417
31.866348	1.0439205	0.0332999163325	0.744610725473
31.899681	1.045464	0.0514505145051	0.769145243939
31.933014	1.046836	0.0820349870165	0.841915102107
31.966347	1.0507805	0.115191985253	0.716622318486
31.99968	1.055068	0.133485501522	0.502004831713
32.033013	1.0600415	0.142775177752	0.418516009167
32.066346	1.064329	0.156209478761	0.433879858109
32.099679	1.069817	0.183078080781	0.135892648395
32.133012	1.077706	0.176075094084	-0.444837021696
32.166345	1.0823365	0.145347703477	-0.795704455676
32.199678	1.0874815	0.110046933803	-0.767120550668
32.233011	1.0891965	0.0870371203712	-0.506530616673
32.266344	1.0926265	0.0837500041667	-0.440787635153
32.299677	1.0953705	0.0643131431314	-0.578943176028
32.33301	1.0967425	0.0480204802048	-0.802731332324
32.366343	1.0994865	0.00700298669653	-0.927071319112
32.399676	1.0967425	-0.0230098134315	-0.80118303747
32.433009	1.0974285	-0.0401599849332	-0.81083010541
32.466342	1.094856	-0.0760324269909	-0.831910735354
32.499675	1.0919405	-0.100471421381	-0.729723274948
32.533008	1.0881675	-0.125339170058	-0.58835204476
32.566341	1.0833655	-0.141488914889	-0.378617641759
32.599674	1.0785635	-0.150921509215	-0.162928258549
32.633007	1.0730755	-0.152350690174	0.0422803594919
32.66634	1.068102	-0.144490194902	0.142085827813
32.699673	1.063643	-0.14077432441	0.184127988097
32.733006	1.0586695	-0.134628846288	0.293461424755
32.766339	1.0545535	-0.124052907196	0.484735389104
32.799672	1.0500945	-0.10361561949	0.713883027589
32.833005	1.0473505	-0.0733169831698	0.849418377172
32.866338	1.0452925	-0.0443046097128	0.893366131122
32.899671	1.0442635	-0.0117192838595	0.869188911469
32.933004	1.044778	0.0138630552972	0.832387133771
32.966337	1.045121	0.0411604116041	0.856921652236
32.99967	1.0473505	0.0724594745947	0.834054528229
33.033003	1.0500945	0.0993280766141	0.734249059908
33.066336	1.054039	0.123481234812	0.566556817191
33.099669	1.0586695	0.136772617726	0.397792678036
33.133002	1.0631285	0.148920655873	0.258327041515
33.166335	1.068788	0.154637379707	0.103378456448
33.199668	1.07359	0.154923215899	-0.0353725824481
33.233001	1.079078	0.15420862542	-0.236412714342
33.266334	1.084223	0.141203078697	-0.48604548475
33.299667	1.088682	0.121337463375	-0.698280979439
33.333	1.092798	0.0886092194255	-0.735797354762
33.366333	1.09417	0.0661710783775	-0.610028172725
33.399666	1.0967425	0.0544517945179	-0.631823400294
33.432999	1.0984575	0.0280119467861	-0.752352199747
33.466332	1.0988005	-0.00343003430034	-0.708047146983
33.499665	1.0974285	-0.0172930895976	-0.713883027589
33.532998	1.0981145	-0.0428754287543	-0.907062585605
33.566331	1.095199	-0.0837500041667	-0.953273232036
33.599664	1.0919405	-0.111904869049	-0.841796002503
33.632997	1.087653	-0.136915535822	-0.745206223494
33.66633	1.083194	-0.167214172142	-0.471158034225
33.699663	1.0758195	-0.175932175988	-0.0181031398388
33.732996	1.0706745	-0.16278371117	0.267021312622
33.766329	1.0648435	-0.145347703477	0.228909439277
33.799662	1.061928	-0.148206065394	0.198062641789
33.832995	1.0548965	-0.148777737777	0.565246721545
33.866328	1.050266	-0.105187718544	0.803565029554
33.899661	1.0487225	-0.0801770517705	0.660883703719
33.932994	1.045464	-0.0671715050484	0.62717851573
33.966327	1.0435775	-0.0415891658917	0.680892437225
33.99966	1.0428915	-0.0188651886519	0.713525728777
34.032993	1.04272	-0.00242960762941	0.946127255784
34.066326	1.0415195	0.0438758554252	1.1535987663
34.099659	1.0456355	0.0904671546716	0.938385781511
34.132992	1.0487225	0.107331489982	0.663384795407
34.166325	1.0524955	0.128054613879	0.530946035534
34.199658	1.0572975	0.144633112998	0.370042470257
34.232991	1.0624425	0.153065280653	0.219857869358
34.266324	1.0675875	0.157495741624	0.127198377288
34.299657	1.0730755	0.158924922583	0.0998054683216
34.33299	1.078049	0.16278371117	0.0719361609383
34.366323	1.083537	0.173502568359	-0.240223901676
34.399656	1.0905685	0.155494888282	-0.775814821774
34.432989	1.0946845	0.114191558582	-1.07856601566
34.466322	1.098286	0.0690294402944	-0.952796833619
34.499655	1.098629	0.0430183468501	-0.609909073121
34.532988	1.100344	0.0381591315913	-0.538806609412
34.566321	1.1015445	0.0227239772398	-0.879907875847
34.599654	1.103088	-0.0241531581983	-1.13275633557
34.632987	1.0998295	-0.0701727850612	-0.926356721486
34.66632	1.097257	-0.0864654479878	-0.659930906886
34.699653	1.0943415	-0.106331063311	-0.576084785527
34.732986	1.0902255	-0.125482088154	-0.504505923401
34.766319	1.0857665	-0.139773897739	-0.457461579741
34.799652	1.0809645	-0.155494888282	-0.409107140435
34.832985	1.075305	-0.167500008333	-0.321330732138
34.866318	1.0699885	-0.181791817918	-0.0861090138383
34.899651	1.062614	-0.178790537905	0.304299488737
34.932984	1.057469	-0.157352823528	0.597403614679
34.966317	1.052324	-0.135915109151	0.776053020983
34.99965	1.0480365	-0.105044800448	0.88169436991
35.032983	1.0449495	-0.0667427507608	0.723053697113
35.066316	1.044778	-0.0574530745307	0.60847987787
35.099649	1.041005	-0.0430183468501	0.920044442464
35.132982	1.040662	0.0032871162045	1.22946521418
35.166315	1.041005	0.0557380573806	1.09238156974
35.199648	1.0452925	0.0848933489335	0.690301305957
35.232981	1.0473505	0.0927538442051	0.497240847545
35.266314	1.050952	0.111619032857	0.49057126971
35.299647	1.0548965	0.127197105304	0.463059261139
35.33298	1.0593555	0.145061867285	0.363253792817
35.366313	1.0648435	0.153922789228	0.181865095617
35.399646	1.069817	0.156066560666	0.0228671240068
35.432979	1.075305	0.154780297803	-0.120886098265
35.466312	1.0802785	0.148063147298	-0.261900029641
35.499645	1.085252	0.137915962493	-0.414823921437
35.532978	1.089711	0.120051200512	-0.554408657562
35.566311	1.0933125	0.09947099471	-0.650283838945
35.599644	1.0963995	0.0763182631826	-0.732224366636
35.632977	1.0984575	0.0507359240259	-0.812854798681
35.66631	1.0998295	0.0228668953356	-0.90491879273
35.699643	1.1001725	-0.0105759390927	-0.954464228078
35.732976	1.0991435	-0.0441616916169	-0.896939119248
35.766309	1.0970855	-0.073174065074	-0.753066797372
35.799642	1.0939985	-0.0940401070677	-0.609670873912
35.832975	1.09074	-0.111476114761	-0.525586553345
35.866308	1.086624	-0.129197958646	-0.43900114109
35.899641	1.0819935	-0.142346423464	-0.305847783592
35.932974	1.07702	-0.150921509215	-0.129818568581
35.966307	1.0717035	-0.151493181598	0.0603834993306
35.99964	1.06673	-0.145490621573	0.209734403
36.032973	1.061928	-0.136058027247	0.31799594322
36.066306	1.0576405	-0.124481661483	0.424351889773
36.099639	1.0535245	-0.108903589036	0.544880689226
36.132972	1.0500945	-0.0861796117961	0.6121719656
36.166305	1.047865	-0.0645989793231	0.601691200431
36.199638	1.04615	-0.0507359240259	0.71304933036
36.232971	1.0439205	-0.0214377143771	0.929929709612
36.266304	1.044435	0.0161497448308	1.00936914562
36.299637	1.045121	0.0513075964093	0.921830936527
36.33297	1.0480365	0.0800341336747	0.751399402913
36.366303	1.0507805	0.0996139128058	0.620866236707
36.399636	1.054725	0.117335756691	0.569534307296
36.432969	1.058155	0.141917669177	0.408868941227
36.466302	1.064672	0.153636953036	0.040017467012
36.499635	1.0696455	0.13319966533	-0.0564532123919
36.532968	1.072218	0.143203932039	0.00333478891769
36.566301	1.0792495	0.148491901586	-0.286196348898
36.599634	1.0833655	0.123767071004	-0.552383964291
36.632967	1.0874815	0.0978988956556	-0.491881365356
36.6663	1.089025	0.0910388270549	-0.420540702439
36.699633	1.0936555	0.0821779051124	-0.647425448444
36.732966	1.095542	0.0464483811505	-0.853705962923
36.766299	1.0963995	0.0172930895976	-0.85787444907
36.799632	1.096571	-0.0100042667093	-0.8473936839
36.832965	1.095885	-0.0394453944539	-0.807614416097
36.866298	1.093827	-0.0654564878982	-0.723887394342
36.899631	1.091426	-0.0883233832338	-0.614673057289
36.932964	1.0878245	-0.106759817598	-0.487593779605
36.966297	1.084223	-0.121194545279	-0.351343832397
36.99963	1.0795925	-0.130627139605	-0.205565916853
37.032963	1.075305	-0.13319966533	-0.101591962385
37.066296	1.070846	-0.137630126301	0.00655047823113
37.099629	1.0658725	-0.134343010097	0.155782282297
37.132962	1.0617565	-0.126196678633	0.283814356814
37.166295	1.057469	-0.11633533002	0.434951754547
37.199628	1.053696	-0.0971843051764	0.577633080382
37.232961	1.050952	-0.0760324269909	0.667910580367
37.266294	1.048551	-0.0517363506968	0.727341282864
37.299627	1.047522	-0.0272973563069	0.77057443919
37.33296	1.0466645	-0.000857508575086	0.818928878496
37.366293	1.0473505	0.0288694553612	0.816070487995
37.399626	1.0487225	0.0548805488055	0.762475666104
37.432959	1.050952	0.0813203965373	0.653023129842
37.466292	1.054382	0.100042667093	0.498908242004
37.499625	1.057812	0.11290529572	0.388860207721
37.532958	1.061928	0.124195825292	0.317519544804
37.566291	1.066044	0.135343436768	0.199015438622
37.599624	1.0710175	0.142060587273	-0.0426376583044
37.632957	1.075991	0.134343010097	-0.314542054699
37.66629	1.08045	0.113762804295	-0.382786127907
37.699623	1.083194	0.102043520435	-0.272380794811
37.732956	1.0867955	0.101328929956	-0.306562381217
37.766289	1.090397	0.0888950556172	-0.539283007828
37.799622	1.093141	0.0634556345563	-0.72865137851
37.832955	1.0946845	0.0357295239619	-0.793560662801
37.866288	1.095542	0.00643131431314	-0.74961290885
37.899621	1.094513	-0.00914675813425	-0.813212097494
37.932954	1.0957135	-0.0435900192335	-0.959585511059
37.966287	1.0919405	-0.0856079394127	-0.781055204359
37.99962	1.0888535	-0.0981847318473	-0.518321477489
38.032953	1.085595	-0.113762804295	-0.386835514449
38.066286	1.0813075	-0.12562500625	-0.227242044818
38.099619	1.07702	-0.131627566276	-0.0456151484095
38.132952	1.071875	-0.122766644333	-0.0113144623992
38.166285	1.0693025	-0.123767071004	-0.16578664905
38.199618	1.064672	-0.148634819682	0.0525229254533
38.232951	1.0576405	-0.12905504055	0.493667859419
38.266284	1.055754	-0.09947099471	0.539283007828
38.299617	1.051981	-0.0908959089591	0.506530616673
38.33295	1.049237	-0.0714590479238	0.589423941198
38.366283	1.047179	-0.051593432601	0.685299122581
38.399616	1.0456355	-0.025296502965	0.775100224149
38.432949	1.045464	0.00200085334187	0.803326830345
38.466282	1.045807	0.0287265372654	0.810115507785
38.499615	1.0473505	0.056309729764	0.793084264384
38.532948	1.04958	0.0826066593999	0.734725458325
38.566281	1.0528385	0.108046080461	0.599071009138
38.599614	1.057126	0.123338316717	0.446623515759
38.632947	1.061242	0.134200092001	0.370399769069
38.66628	1.0658725	0.147348556819	0.284767153648
38.699613	1.070846	0.162640793075	-0.0346579848229
38.732946	1.0778775	0.147205638723	-0.395172486744
38.766279	1.0809645	0.12219497195	-0.391837697826
38.799612	1.0850805	0.119050773841	-0.315375751928
38.832945	1.0891965	0.108903589036	-0.420778901647
38.866278	1.0926265	0.0917534175342	-0.568462410858
38.899611	1.0953705	0.0701727850612	-0.707928047379
38.932944	1.0974285	0.0440187735211	-0.814641292744
38.966277	1.0984575	0.0137201372014	-0.849894775588
38.99961	1.098286	-0.0152922362557	-0.80856721293
39.032943	1.097257	-0.0394453944539	-0.78391359486
39.066276	1.0957135	-0.0654564878982	-0.806066121242
39.099609	1.0929695	-0.0931825984927	-0.805589722825
39.132942	1.089711	-0.124481661483	-0.647663647653
39.166275	1.084223	-0.142346423464	-0.327643011161
39.199608	1.0795925	-0.142060587273	-0.114812018451
39.232941	1.074962	-0.144347276806	-0.0650283838945
39.266274	1.0699885	-0.146919802531	-0.0201278331102
39.299607	1.065015	-0.145633539669	0.0428758575129
39.33294	1.060556	-0.148920655873	0.260709033599
39.366273	1.0545535	-0.134343010097	0.620866236707
39.399606	1.050952	-0.102615192819	0.819762575725
39.432939	1.047522	-0.0660281602816	0.660764604115
39.466272	1.0476935	-0.0574530745307	0.468776042141
39.499605	1.043749	-0.0511646783135	0.705546055295
39.532938	1.043063	-0.0120051200512	1.00365236461
39.566271	1.0432345	0.0225810591439	1.10488702819
39.599604	1.044092	0.0691723583903	0.960061909476
39.632937	1.048551	0.094754697547	0.576680283548
39.66627	1.0511235	0.100042667093	0.385168119991
39.699603	1.054725	0.115191985253	0.345388852187
39.732936	1.0590125	0.124338743387	0.299892803382
39.766269	1.062957	0.135343436768	0.247965375949
39.799602	1.068102	0.143203932039	0.120528799453
39.832935	1.0727325	0.143775604423	-0.0257255145077
39.866268	1.077706	0.142060587273	-0.190321167515
39.899601	1.082508	0.130770057701	-0.342887760499
39.932934	1.0864525	0.117478674787	-0.447814511801
39.966267	1.090397	0.10118601186	-0.556671550042
39.9996	1.0933125	0.0807487241539	-0.669339775618
40.032933	1.095885	0.0565955659557	-0.776172120587
40.066266	1.097257	0.027154438211	-0.824883858706
40.099599	1.0976	-0.000142918095848	-0.815117691161
40.132932	1.097257	-0.0275831924986	-0.781293403568
40.166265	1.0957135	-0.0530226135595	-0.717217816507
40.199598	1.0936555	-0.0758895088951	-0.637182882483
40.232931	1.0905685	-0.0958980423138	-0.541903199121
40.266264	1.0871385	-0.111476114761	-0.454364990032
40.299597	1.083194	-0.127197105304	-0.339195672768
40.33293	1.078392	-0.135057600576	-0.193775056037
40.366263	1.0741045	-0.13905930726	-0.0664575791449
40.399596	1.069131	-0.141203078697	0.10456945249
40.432929	1.064329	-0.132485074851	0.277621177396
40.466262	1.060213	-0.120051200512	0.369804271048
40.499595	1.0562685	-0.105902309023	0.407201546768
40.532928	1.0531815	-0.0917534175342	0.427448479482
40.566261	1.0504375	-0.0828924955916	0.59430702497
40.599594	1.0470075	-0.0560238935723	0.851562170047
40.632927	1.0463215	-0.018722270556	0.909563677294
40.66626	1.04615	0.0100042667093	0.80630432045
40.699593	1.047179	0.0331569982366	0.714597625214
40.732926	1.048208	0.0573101564349	0.62860771098
40.766259	1.0511235	0.0777474441411	0.495335253878
40.799592	1.0538675	0.086322529892	0.465679452431
40.832925	1.05644	0.10533063664	0.509269907569
40.866258	1.0607275	0.126768351017	0.378498542155
40.899591	1.065358	0.135343436768	0.119576002619
40.932924	1.07016	0.131627566276	-0.0686013720206
40.966257	1.0741045	0.125910842442	-0.117789508556
40.99959	1.078392	0.124338743387	-0.165429350237
41.032923	1.0826795	0.115191985253	-0.23748461078
41.066256	1.0857665	0.111476114761	-0.40386675785
41.099589	1.0905685	0.093754270876	-0.708285346192
41.132922	1.0926265	0.0588822554892	-0.863948528884
41.166255	1.09417	0.0305844725114	-0.855373357382
41.199588	1.0946845	0.00157209905432	-0.807971714909
41.232921	1.09417	-0.0232956496232	-0.746278119932
41.266254	1.093141	-0.0480204802048	-0.685775520997
41.299587	1.0909115	-0.0701727850612	-0.590376738031
41.33292	1.088339	-0.0880375470421	-0.477946711664
41.366253	1.084909	-0.101614766148	-0.374330056008
41.399586	1.081479	-0.111761950953	-0.298582707735
41.432919	1.0775345	-0.122623726237	-0.191750362766
41.466252	1.0730755	-0.126339596729	-0.0346579848229
41.499585	1.0689595	-0.124481661483	0.112668225575
41.532918	1.064672	-0.118336183362	0.242486794156
41.566251	1.060899	-0.106759817598	0.328357608786
41.599584	1.0576405	-0.0961838785055	0.407916144393
41.632917	1.054382	-0.081606232729	0.538449310599
41.66625	1.051981	-0.0603114364477	0.665409488679
41.699583	1.050266	-0.0354436877702	0.736392852783
41.732916	1.04958	-0.0090038400384	0.732819864657
41.766249	1.0497515	0.0147205638723	0.68244073208
41.799582	1.050609	0.0367299506328	0.621819033541
41.832915	1.052324	0.0551663849972	0.582635263758
41.866248	1.0542105	0.0751749184159	0.539997605454
41.899581	1.0572975	0.0941830251636	0.41291832777
41.932914	1.0607275	0.105759390927	0.218428674107
41.966247	1.0648435	0.104473128065	0.13660724602
41.99958	1.067416	0.109046507132	0.20008733506
42.032913	1.0717035	0.123052480525	0.131366863435
42.066246	1.0761625	0.122909562429	-0.0771765435232
42.099579	1.080107	0.115620739541	-0.244987885844
42.132912	1.08388	0.105187718544	-0.36956607184
42.166245	1.08731	0.0903242365757	-0.481996098207
42.199578	1.0898825	0.0727453107864	-0.602286698452
42.232911	1.0919405	0.0577389107224	-0.886339254474
42.266244	1.0950275	0.0101471848052	-1.04688552094
42.299577	1.0922835	-0.0287265372654	-0.767596949085
42.33291	1.0919405	-0.0378732953996	-0.541664999913
42.366243	1.0902255	-0.0558809754764	-0.528921342263
42.399576	1.088339	-0.0753178365117	-0.477589412852
42.432909	1.0850805	-0.0914675813425	-0.337290079101
42.466242	1.0819935	-0.0993280766141	-0.16804954153
42.499575	1.078049	-0.0971843051764	-0.151018298129
42.532908	1.0758195	-0.102615192819	-0.298820906944
42.566241	1.071875	-0.124195825292	-0.255111352202
42.599574	1.0669015	-0.128769204359	0.038230972949
42.632907	1.0627855	-0.118622019554	0.274286388478
42.66624	1.0590125	-0.105759390927	0.385287219595
42.699573	1.055754	-0.0920392537259	0.450077404281
42.732906	1.0528385	-0.0770328536619	0.538925709016
42.766239	1.0504375	-0.056309729764	0.633252595544
42.799572	1.0490655	-0.0341574249076	0.705784254503
42.832905	1.0480365	-0.00828924955916	0.746039920724
42.866238	1.048551	0.0170072534059	0.73996584091
42.899571	1.049237	0.0405887392207	0.732343466241
42.932904	1.0511235	0.0670285869525	0.6801778396
42.966237	1.0538675	0.088180465138	0.562864729461
42.99957	1.057126	0.105044800448	0.43161696563
43.032903	1.0610705	0.115477821445	0.344197856145
43.066236	1.0648435	0.12562500625	0.307634277655
43.099569	1.0693025	0.137058453918	0.22700384561
43.132902	1.073933	0.148206065394	-0.0514510290154
43.166235	1.080107	0.133628419618	-0.34264956129
43.199568	1.0826795	0.11976536432	-0.481757898999
43.232901	1.0881675	0.102186438531	-0.604073192515
43.266234	1.0898825	0.07503200032	-0.593235128532
43.299567	1.0926265	0.0614547812145	-0.555837852813
43.3329	1.09417	0.0424466744667	-0.639803073775
43.366233	1.095542	0.0202943696104	-0.764976757792
43.399566	1.0957135	-0.00828924955916	-0.874905692471
43.432899	1.0953705	-0.0451621182879	-0.779864208317
43.466232	1.092112	-0.0664569145691	-0.51891697551
43.499565	1.090397	-0.0726023926906	-0.432569762463
43.532898	1.0878245	-0.0911817451508	-0.45769977895
43.566231	1.084223	-0.106759817598	-0.399579172099
43.599564	1.0806215	-0.120051200512	-0.277382978187
43.632897	1.075991	-0.126196678633	-0.113144623992
43.66623	1.0720465	-0.125339170058	-0.0159593469631
43.699563	1.067759	-0.128054613879	0.0893247031518
43.732896	1.062957	-0.115477821445	0.10230656001
43.766229	1.060899	-0.122909562429	0.15673507913
43.799562	1.054039	-0.111476114761	0.381952430677
43.832895	1.0531815	-0.0913246632466	0.47103893462
43.866228	1.048551	-0.083464167975	0.649926540133
43.899561	1.0466645	-0.0500213335467	0.871094505136
43.932894	1.045464	-0.0210089600896	0.970066276229
43.966227	1.045121	0.0138630552972	1.04164513835
43.99956	1.0459785	0.0561668116681	0.876692186534
44.032893	1.04958	0.0788907889079	0.538806609412
44.066226	1.0518095	0.0851791851252	0.373496358779
44.099559	1.0548965	0.0981847318473	0.367779577777
44.132892	1.0583265	0.111476114761	0.340505768415
44.166225	1.0624425	0.122480808141	0.265711216976
44.199558	1.0665585	0.130055467221	0.151018298129
44.232891	1.071189	0.134200092001	-0.0104807651698
44.266224	1.0758195	0.128769204359	-0.157330577151
44.299557	1.079764	0.122052053854	-0.257493344286
44.33289	1.0840515	0.111761950953	-0.357775211024
44.366223	1.08731	0.0978988956556	-0.449720105468
44.399556	1.0905685	0.0830354136875	-0.572392697797
44.432889	1.093141	0.0594539278726	-0.680773337621
44.466222	1.094513	0.0354436877702	-0.718527912153
44.499555	1.095542	0.0101471848052	-0.699710174689
44.532888	1.095199	-0.0135772191055	-0.625034722854
44.566221	1.0943415	-0.0307273906072	-0.591329534865
44.599554	1.0929695	-0.0448762820962	-0.750565705684
44.632887	1.0922835	-0.0817491508248	-0.859184544716
44.66622	1.0874815	-0.116764084308	-0.578704976819
44.699553	1.0833655	-0.121766217662	-0.236055415529
44.732886	1.079421	-0.124481661483	-0.0925403924653
44.766219	1.0751335	-0.126196678633	-0.0334669887809
44.799552	1.070846	-0.125339170058	-0.0285839050086
44.832885	1.0669015	-0.127197105304	-0.020604231527
44.866218	1.062614	-0.132913829138	0.162868708747
44.899551	1.057469	-0.121766217662	0.480864651967
44.932884	1.0538675	-0.0943259432594	0.620592307617
44.966217	1.0514665	-0.0726738517385	0.564532123919
44.99955	1.0497515	-0.0591680916809	0.482710695832
