0.000000E+0	-6.748380E+1
2.500000E+2	-7.081750E+1
5.000000E+2	-8.180040E+1
7.500000E+2	-9.542310E+1
1.000000E+3	-9.911550E+1
1.250000E+3	-1.033430E+2
1.500000E+3	-9.889790E+1
1.750000E+3	-9.010220E+1
2.000000E+3	-7.470970E+1
2.250000E+3	-7.811390E+1
2.500000E+3	-8.877930E+1
2.750000E+3	-1.080520E+2
3.000000E+3	-1.029490E+2
3.250000E+3	-1.081230E+2
3.500000E+3	-1.089870E+2
3.750000E+3	-9.259510E+1
4.000000E+3	-8.874990E+1
4.250000E+3	-9.186600E+1
4.500000E+3	-9.728110E+1
4.750000E+3	-1.039070E+2
5.000000E+3	-1.036020E+2
5.250000E+3	-9.849810E+1
5.500000E+3	-7.535060E+1
5.750000E+3	-6.412070E+1
6.000000E+3	-6.051070E+1
6.250000E+3	-6.376800E+1
6.500000E+3	-7.415110E+1
6.750000E+3	-9.274210E+1
7.000000E+3	-1.108390E+2
7.250000E+3	-1.029020E+2
7.500000E+3	-1.004090E+2
7.750000E+3	-9.529380E+1
8.000000E+3	-9.317130E+1
8.250000E+3	-9.655790E+1
8.500000E+3	-9.843930E+1
8.750000E+3	-1.025080E+2
9.000000E+3	-9.989740E+1
9.250000E+3	-4.571790E+1
9.500000E+3	-2.408140E+1
9.750000E+3	-1.331020E+1
1.000000E+4	-9.994120E+0
1.025000E+4	-1.331020E+1
1.050000E+4	-2.408140E+1
1.075000E+4	-4.573550E+1
1.100000E+4	-1.029550E+2
1.125000E+4	-1.033960E+2
1.150000E+4	-1.041370E+2
1.175000E+4	-1.004800E+2
1.200000E+4	-9.984450E+1
1.225000E+4	-1.089400E+2
1.250000E+4	-1.004620E+2
1.275000E+4	-1.063710E+2
1.300000E+4	-1.131200E+2
1.325000E+4	-9.613460E+1
1.350000E+4	-7.460970E+1
1.375000E+4	-6.431470E+1
1.400000E+4	-6.120450E+1
1.425000E+4	-6.470280E+1
1.450000E+4	-7.575620E+1
1.475000E+4	-9.711640E+1
1.500000E+4	-1.041780E+2
1.525000E+4	-1.174710E+2
1.550000E+4	-1.064000E+2
1.575000E+4	-9.358870E+1
1.600000E+4	-8.896750E+1
1.625000E+4	-9.562890E+1
1.650000E+4	-9.979750E+1
1.675000E+4	-1.044950E+2
1.700000E+4	-1.083110E+2
1.725000E+4	-1.021320E+2
1.750000E+4	-9.174850E+1
1.775000E+4	-8.225310E+1
1.800000E+4	-7.883120E+1
1.825000E+4	-8.411100E+1
1.850000E+4	-9.260100E+1
1.875000E+4	-1.045950E+2
1.900000E+4	-1.023080E+2
1.925000E+4	-9.921540E+1
1.950000E+4	-8.297630E+1
1.975000E+4	-7.233440E+1
2.000000E+4	-6.904770E+1
2.025000E+4	-7.259310E+1
2.050000E+4	-8.405220E+1
2.075000E+4	-9.665780E+1
2.100000E+4	-1.010380E+2
2.125000E+4	-9.936240E+1
2.150000E+4	-9.911550E+1
2.175000E+4	-8.624530E+1
2.200000E+4	-9.336530E+1
2.225000E+4	-9.535260E+1
2.250000E+4	-1.010260E+2
2.275000E+4	-1.026730E+2
2.300000E+4	-1.059300E+2
2.325000E+4	-1.032660E+2
2.350000E+4	-9.878620E+1
2.375000E+4	-8.951420E+1
2.400000E+4	-8.665090E+1
2.425000E+4	-8.938490E+1
2.450000E+4	-9.839230E+1
2.475000E+4	-1.016610E+2
2.500000E+4	-1.038130E+2
2.525000E+4	-9.544670E+1
2.550000E+4	-7.374550E+1
2.575000E+4	-6.308010E+1
2.600000E+4	-5.972290E+1
2.625000E+4	-6.304480E+1
2.650000E+4	-7.422170E+1
2.675000E+4	-9.995030E+1
2.700000E+4	-1.055830E+2
2.725000E+4	-1.055890E+2
2.750000E+4	-1.182880E+2
2.775000E+4	-9.628740E+1
2.800000E+4	-9.414730E+1
2.825000E+4	-9.727520E+1
2.850000E+4	-1.054240E+2
2.875000E+4	-1.124440E+2
2.900000E+4	-1.106510E+2
2.925000E+4	-5.531320E+1
2.950000E+4	-3.370020E+1
2.975000E+4	-2.294080E+1
3.000000E+4	-1.961300E+1
3.025000E+4	-2.296430E+1
3.050000E+4	-3.375900E+1
3.075000E+4	-5.543080E+1
3.100000E+4	-1.065940E+2
3.125000E+4	-1.023020E+2
3.150000E+4	-1.090520E+2
3.175000E+4	-9.926830E+1
3.200000E+4	-9.587000E+1
3.225000E+4	-9.998560E+1
3.250000E+4	-9.836290E+1
3.275000E+4	-1.021730E+2
3.300000E+4	-1.039190E+2
3.325000E+4	-9.801010E+1
3.350000E+4	-7.643830E+1
3.375000E+4	-6.531430E+1
3.400000E+4	-6.215700E+1
3.425000E+4	-6.565530E+1
3.450000E+4	-7.621480E+1
3.475000E+4	-9.641090E+1
3.500000E+4	-1.113040E+2
3.525000E+4	-1.119030E+2
3.550000E+4	-1.028670E+2
3.575000E+4	-9.159560E+1
3.600000E+4	-8.939670E+1
3.625000E+4	-8.957890E+1
3.650000E+4	-1.038780E+2
3.675000E+4	-1.046250E+2
3.700000E+4	-1.052070E+2
3.725000E+4	-9.945060E+1
3.750000E+4	-9.470000E+1
3.775000E+4	-8.261170E+1
3.800000E+4	-7.892530E+1
3.825000E+4	-8.165340E+1
3.850000E+4	-9.391800E+1
3.875000E+4	-1.115920E+2
3.900000E+4	-1.115860E+2
3.925000E+4	-1.084170E+2
3.950000E+4	-8.339960E+1
3.975000E+4	-7.331040E+1
4.000000E+4	-6.972390E+1
4.025000E+4	-7.303400E+1
4.050000E+4	-8.391700E+1
4.075000E+4	-9.829820E+1
4.100000E+4	-1.043780E+2
4.125000E+4	-1.083640E+2
4.150000E+4	-8.987290E+1
4.175000E+4	-7.903110E+1
4.200000E+4	-8.110070E+1
4.225000E+4	-8.337610E+1
4.250000E+4	-9.481170E+1
4.275000E+4	-1.070000E+2
4.300000E+4	-1.058950E+2
4.325000E+4	-1.020080E+2
4.350000E+4	-9.718110E+1
4.375000E+4	-9.174850E+1
4.400000E+4	-8.827960E+1
4.425000E+4	-9.286560E+1
4.450000E+4	-1.035250E+2
4.475000E+4	-1.070820E+2
4.500000E+4	-9.923300E+1
4.525000E+4	-9.045500E+1
4.550000E+4	-7.320450E+1
4.575000E+4	-6.230980E+1
4.600000E+4	-5.888800E+1
4.625000E+4	-6.260970E+1
4.650000E+4	-7.333390E+1
4.675000E+4	-9.350640E+1
4.700000E+4	-1.050360E+2
4.725000E+4	-1.060530E+2
4.750000E+4	-1.099870E+2
4.775000E+4	-1.073470E+2
4.800000E+4	-9.896260E+1
4.825000E+4	-1.053710E+2
4.850000E+4	-1.117150E+2
4.875000E+4	-1.057300E+2
4.900000E+4	-1.068760E+2
4.925000E+4	-5.985220E+1
4.950000E+4	-3.822160E+1
4.975000E+4	-2.746800E+1
5.000000E+4	-2.413430E+1
5.025000E+4	-2.749150E+1
5.050000E+4	-3.827450E+1
5.075000E+4	-6.001100E+1
5.100000E+4	-1.005320E+2
5.125000E+4	-1.047300E+2
5.150000E+4	-1.047600E+2
5.175000E+4	-9.706350E+1
5.200000E+4	-9.192480E+1
5.225000E+4	-9.338300E+1
5.250000E+4	-1.052540E+2
5.275000E+4	-1.066060E+2
5.300000E+4	-1.035540E+2
5.325000E+4	-9.412380E+1
5.350000E+4	-7.627360E+1
5.375000E+4	-6.600220E+1
5.400000E+4	-6.279780E+1
5.425000E+4	-6.626670E+1
5.450000E+4	-7.731430E+1
5.475000E+4	-9.808070E+1
5.500000E+4	-1.110920E+2
5.525000E+4	-1.117150E+2
5.550000E+4	-1.089110E+2
5.575000E+4	-9.293020E+1
5.600000E+4	-8.917910E+1
5.625000E+4	-8.995520E+1
5.650000E+4	-9.977980E+1
5.675000E+4	-9.871570E+1
5.700000E+4	-1.011790E+2
5.725000E+4	-1.102630E+2
5.750000E+4	-9.521150E+1
5.775000E+4	-8.276460E+1
5.800000E+4	-7.890180E+1
5.825000E+4	-8.622170E+1
5.850000E+4	-9.418260E+1
5.875000E+4	-1.127970E+2
5.900000E+4	-1.092750E+2
5.925000E+4	-1.215930E+2
5.950000E+4	-8.431090E+1
5.975000E+4	-7.390420E+1
6.000000E+4	-7.057640E+1
6.025000E+4	-7.345740E+1
6.050000E+4	-8.470480E+1
6.075000E+4	-1.022790E+2
6.100000E+4	-1.116620E+2
6.125000E+4	-1.052360E+2
6.150000E+4	-8.655100E+1
6.175000E+4	-7.846670E+1
6.200000E+4	-7.487430E+1
6.225000E+4	-7.700860E+1
6.250000E+4	-8.824430E+1
6.275000E+4	-1.103040E+2
6.300000E+4	-1.013090E+2
6.325000E+4	-1.031960E+2
6.350000E+4	-1.016140E+2
6.375000E+4	-9.532910E+1
6.400000E+4	-9.094880E+1
6.425000E+4	-9.103700E+1
6.450000E+4	-9.955050E+1
6.475000E+4	-1.062650E+2
6.500000E+4	-1.111510E+2
6.525000E+4	-9.235990E+1
6.550000E+4	-7.232260E+1
6.575000E+4	-6.148080E+1
6.600000E+4	-5.824710E+1
6.625000E+4	-6.148670E+1
6.650000E+4	-7.223440E+1
6.675000E+4	-9.678130E+1
6.700000E+4	-1.067240E+2
6.725000E+4	-1.243910E+2
6.750000E+4	-1.081400E+2
6.775000E+4	-9.613460E+1
6.800000E+4	-9.630510E+1
6.825000E+4	-9.818650E+1
6.850000E+4	-1.019730E+2
6.875000E+4	-1.023260E+2
6.900000E+4	-1.102450E+2
6.925000E+4	-6.262150E+1
6.950000E+4	-4.112600E+1
6.975000E+4	-3.039600E+1
7.000000E+4	-2.707990E+1
7.025000E+4	-3.045480E+1
7.050000E+4	-4.127300E+1
7.075000E+4	-6.301540E+1
7.100000E+4	-1.086230E+2
7.125000E+4	-1.008500E+2
7.150000E+4	-1.010090E+2
7.175000E+4	-1.004030E+2
7.200000E+4	-9.484690E+1
7.225000E+4	-9.651670E+1
7.250000E+4	-1.000680E+2
7.275000E+4	-1.011440E+2
7.300000E+4	-1.038660E+2
7.325000E+4	-9.968580E+1
7.350000E+4	-7.740840E+1
7.375000E+4	-6.658420E+1
7.400000E+4	-6.344460E+1
7.425000E+4	-6.692520E+1
7.450000E+4	-7.793750E+1
7.475000E+4	-1.016020E+2
7.500000E+4	-1.051420E+2
7.525000E+4	-1.125910E+2
7.550000E+4	-1.038130E+2
7.575000E+4	-8.823840E+1
7.600000E+4	-8.536330E+1
7.625000E+4	-8.726240E+1
7.650000E+4	-9.467060E+1
7.675000E+4	-1.023670E+2
7.700000E+4	-1.111680E+2
7.725000E+4	-1.117500E+2
7.750000E+4	-9.048440E+1
7.775000E+4	-7.843730E+1
7.800000E+4	-7.488610E+1
7.825000E+4	-7.829030E+1
7.850000E+4	-9.050790E+1
7.875000E+4	-1.070700E+2
7.900000E+4	-1.063830E+2
7.925000E+4	-1.091400E+2
7.950000E+4	-8.529280E+1
7.975000E+4	-7.382780E+1
8.000000E+4	-7.094090E+1
8.025000E+4	-7.441570E+1
8.050000E+4	-8.542800E+1
8.075000E+4	-9.802780E+1
8.100000E+4	-1.040130E+2
8.125000E+4	-9.869800E+1
8.150000E+4	-8.583370E+1
8.175000E+4	-7.568570E+1
8.200000E+4	-6.982970E+1
8.225000E+4	-7.306340E+1
8.250000E+4	-8.465190E+1
8.275000E+4	-1.072000E+2
8.300000E+4	-1.008030E+2
8.325000E+4	-9.960350E+1
8.350000E+4	-9.464120E+1
8.375000E+4	-9.591700E+1
8.400000E+4	-9.095470E+1
8.425000E+4	-9.054900E+1
8.450000E+4	-9.944470E+1
8.475000E+4	-1.227920E+2
8.500000E+4	-1.001910E+2
8.525000E+4	-9.271270E+1
8.550000E+4	-7.191100E+1
8.575000E+4	-6.100460E+1
8.600000E+4	-5.760620E+1
8.625000E+4	-6.099870E+1
8.650000E+4	-7.182870E+1
8.675000E+4	-9.429430E+1
8.700000E+4	-1.039780E+2
8.725000E+4	-1.013850E+2
8.750000E+4	-1.060470E+2
8.775000E+4	-9.786900E+1
8.800000E+4	-9.390620E+1
8.825000E+4	-9.722810E+1
8.850000E+4	-1.124330E+2
8.875000E+4	-1.090280E+2
8.900000E+4	-1.093460E+2
8.925000E+4	-6.486740E+1
8.950000E+4	-4.341320E+1
8.975000E+4	-3.268310E+1
9.000000E+4	-2.935530E+1
9.025000E+4	-3.273010E+1
9.050000E+4	-4.355430E+1
9.075000E+4	-6.530840E+1
9.100000E+4	-1.091990E+2
9.125000E+4	-1.186880E+2
9.150000E+4	-1.060940E+2
9.175000E+4	-9.709290E+1
9.200000E+4	-9.385920E+1
9.225000E+4	-1.031610E+2
9.250000E+4	-1.034660E+2
9.275000E+4	-1.045830E+2
9.300000E+4	-1.030250E+2
9.325000E+4	-9.447070E+1
9.350000E+4	-7.779640E+1
9.375000E+4	-6.745440E+1
9.400000E+4	-6.432650E+1
9.425000E+4	-6.785420E+1
9.450000E+4	-7.900760E+1
9.475000E+4	-9.979160E+1
9.500000E+4	-1.074700E+2
9.525000E+4	-1.089640E+2
9.550000E+4	-9.360050E+1
9.575000E+4	-8.680970E+1
9.600000E+4	-8.332310E+1
9.625000E+4	-9.609930E+1
9.650000E+4	-1.104280E+2
9.675000E+4	-9.901550E+1
9.700000E+4	-1.099100E+2
9.725000E+4	-1.077760E+2
9.750000E+4	-8.932020E+1
9.775000E+4	-7.786700E+1
9.800000E+4	-7.441570E+1
9.825000E+4	-9.065490E+1
9.850000E+4	-9.895080E+1
9.875000E+4	-1.090750E+2
9.900000E+4	-1.084230E+2
9.925000E+4	-1.023260E+2
9.950000E+4	-8.342310E+1
9.975000E+4	-7.215800E+1
