0.000000E+0	4.738210E-4
2.500000E+2	3.158810E-4
5.000000E+2	7.289560E-5
7.500000E+2	0.000000E+0
1.000000E+3	0.000000E+0
1.250000E+3	0.000000E+0
1.500000E+3	0.000000E+0
1.750000E+3	0.000000E+0
2.000000E+3	0.000000E+0
2.250000E+3	0.000000E+0
2.500000E+3	0.000000E+0
2.750000E+3	0.000000E+0
3.000000E+3	0.000000E+0
3.250000E+3	0.000000E+0
3.500000E+3	0.000000E+0
3.750000E+3	0.000000E+0
4.000000E+3	0.000000E+0
4.250000E+3	0.000000E+0
4.500000E+3	0.000000E+0
4.750000E+3	0.000000E+0
5.000000E+3	0.000000E+0
5.250000E+3	0.000000E+0
5.500000E+3	0.000000E+0
5.750000E+3	0.000000E+0
6.000000E+3	0.000000E+0
6.250000E+3	0.000000E+0
6.500000E+3	0.000000E+0
6.750000E+3	0.000000E+0
7.000000E+3	0.000000E+0
7.250000E+3	0.000000E+0
7.500000E+3	0.000000E+0
7.750000E+3	0.000000E+0
8.000000E+3	0.000000E+0
8.250000E+3	0.000000E+0
8.500000E+3	0.000000E+0
8.750000E+3	0.000000E+0
9.000000E+3	0.000000E+0
9.250000E+3	5.175590E-3
9.500000E+3	6.260520E-2
9.750000E+3	2.164150E-1
1.000000E+4	3.180560E-1
1.025000E+4	2.164510E-1
1.050000E+4	6.261730E-2
1.075000E+4	5.163440E-3
1.100000E+4	0.000000E+0
1.125000E+4	0.000000E+0
1.150000E+4	0.000000E+0
1.175000E+4	1.214930E-5
1.200000E+4	0.000000E+0
1.225000E+4	0.000000E+0
1.250000E+4	0.000000E+0
1.275000E+4	0.000000E+0
1.300000E+4	0.000000E+0
1.325000E+4	0.000000E+0
1.350000E+4	0.000000E+0
1.375000E+4	0.000000E+0
1.400000E+4	0.000000E+0
1.425000E+4	0.000000E+0
1.450000E+4	1.214930E-5
1.475000E+4	0.000000E+0
1.500000E+4	0.000000E+0
1.525000E+4	0.000000E+0
1.550000E+4	0.000000E+0
1.575000E+4	0.000000E+0
1.600000E+4	1.214930E-5
1.625000E+4	0.000000E+0
1.650000E+4	0.000000E+0
1.675000E+4	0.000000E+0
1.700000E+4	0.000000E+0
1.725000E+4	0.000000E+0
1.750000E+4	0.000000E+0
1.775000E+4	0.000000E+0
1.800000E+4	0.000000E+0
1.825000E+4	0.000000E+0
1.850000E+4	0.000000E+0
1.875000E+4	0.000000E+0
1.900000E+4	0.000000E+0
1.925000E+4	0.000000E+0
1.950000E+4	6.074630E-5
1.975000E+4	2.186870E-4
2.000000E+4	3.158810E-4
2.025000E+4	2.186870E-4
2.050000E+4	6.074630E-5
2.075000E+4	0.000000E+0
2.100000E+4	0.000000E+0
2.125000E+4	0.000000E+0
2.150000E+4	0.000000E+0
2.175000E+4	0.000000E+0
2.200000E+4	0.000000E+0
2.225000E+4	0.000000E+0
2.250000E+4	0.000000E+0
2.275000E+4	0.000000E+0
2.300000E+4	0.000000E+0
2.325000E+4	0.000000E+0
2.350000E+4	0.000000E+0
2.375000E+4	0.000000E+0
2.400000E+4	0.000000E+0
2.425000E+4	0.000000E+0
2.450000E+4	0.000000E+0
2.475000E+4	0.000000E+0
2.500000E+4	0.000000E+0
2.525000E+4	0.000000E+0
2.550000E+4	0.000000E+0
2.575000E+4	0.000000E+0
2.600000E+4	0.000000E+0
2.625000E+4	0.000000E+0
2.650000E+4	0.000000E+0
2.675000E+4	0.000000E+0
2.700000E+4	0.000000E+0
2.725000E+4	0.000000E+0
2.750000E+4	0.000000E+0
2.775000E+4	0.000000E+0
2.800000E+4	0.000000E+0
2.825000E+4	0.000000E+0
2.850000E+4	0.000000E+0
2.875000E+4	1.214930E-5
2.900000E+4	0.000000E+0
2.925000E+4	1.725200E-3
2.950000E+4	2.093320E-2
2.975000E+4	7.222740E-2
3.000000E+4	1.059780E-1
3.025000E+4	7.202090E-2
3.050000E+4	2.079950E-2
3.075000E+4	1.713050E-3
3.100000E+4	0.000000E+0
3.125000E+4	0.000000E+0
3.150000E+4	0.000000E+0
3.175000E+4	0.000000E+0
3.200000E+4	0.000000E+0
3.225000E+4	0.000000E+0
3.250000E+4	0.000000E+0
3.275000E+4	0.000000E+0
3.300000E+4	0.000000E+0
3.325000E+4	0.000000E+0
3.350000E+4	0.000000E+0
3.375000E+4	0.000000E+0
3.400000E+4	0.000000E+0
3.425000E+4	0.000000E+0
3.450000E+4	0.000000E+0
3.475000E+4	0.000000E+0
3.500000E+4	0.000000E+0
3.525000E+4	0.000000E+0
3.550000E+4	0.000000E+0
3.575000E+4	0.000000E+0
3.600000E+4	0.000000E+0
3.625000E+4	0.000000E+0
3.650000E+4	0.000000E+0
3.675000E+4	0.000000E+0
3.700000E+4	0.000000E+0
3.725000E+4	0.000000E+0
3.750000E+4	1.214930E-5
3.775000E+4	1.214930E-5
3.800000E+4	0.000000E+0
3.825000E+4	0.000000E+0
3.850000E+4	0.000000E+0
3.875000E+4	1.214930E-5
3.900000E+4	0.000000E+0
3.925000E+4	1.214930E-5
3.950000E+4	7.289560E-5
3.975000E+4	2.308360E-4
4.000000E+4	3.401790E-4
4.025000E+4	2.308360E-4
4.050000E+4	6.074630E-5
4.075000E+4	0.000000E+0
4.100000E+4	0.000000E+0
4.125000E+4	0.000000E+0
4.150000E+4	0.000000E+0
4.175000E+4	0.000000E+0
4.200000E+4	0.000000E+0
4.225000E+4	0.000000E+0
4.250000E+4	0.000000E+0
4.275000E+4	0.000000E+0
4.300000E+4	0.000000E+0
4.325000E+4	0.000000E+0
4.350000E+4	0.000000E+0
4.375000E+4	0.000000E+0
4.400000E+4	0.000000E+0
4.425000E+4	0.000000E+0
4.450000E+4	0.000000E+0
4.475000E+4	0.000000E+0
4.500000E+4	0.000000E+0
4.525000E+4	0.000000E+0
4.550000E+4	0.000000E+0
4.575000E+4	1.214930E-5
4.600000E+4	2.429850E-5
4.625000E+4	1.214930E-5
4.650000E+4	0.000000E+0
4.675000E+4	0.000000E+0
4.700000E+4	0.000000E+0
4.725000E+4	1.214930E-5
4.750000E+4	0.000000E+0
4.775000E+4	0.000000E+0
4.800000E+4	0.000000E+0
4.825000E+4	0.000000E+0
4.850000E+4	0.000000E+0
4.875000E+4	1.214930E-5
4.900000E+4	0.000000E+0
4.925000E+4	1.032690E-3
4.950000E+4	1.255020E-2
4.975000E+4	4.332430E-2
5.000000E+4	6.358930E-2
5.025000E+4	4.322710E-2
5.050000E+4	1.247730E-2
5.075000E+4	1.020540E-3
5.100000E+4	0.000000E+0
5.125000E+4	0.000000E+0
5.150000E+4	0.000000E+0
5.175000E+4	0.000000E+0
5.200000E+4	0.000000E+0
5.225000E+4	0.000000E+0
5.250000E+4	0.000000E+0
5.275000E+4	0.000000E+0
5.300000E+4	0.000000E+0
5.325000E+4	0.000000E+0
5.350000E+4	0.000000E+0
5.375000E+4	0.000000E+0
5.400000E+4	0.000000E+0
5.425000E+4	0.000000E+0
5.450000E+4	0.000000E+0
5.475000E+4	0.000000E+0
5.500000E+4	0.000000E+0
5.525000E+4	0.000000E+0
5.550000E+4	0.000000E+0
5.575000E+4	0.000000E+0
5.600000E+4	0.000000E+0
5.625000E+4	0.000000E+0
5.650000E+4	0.000000E+0
5.675000E+4	1.214930E-5
5.700000E+4	1.214930E-5
5.725000E+4	0.000000E+0
5.750000E+4	0.000000E+0
5.775000E+4	0.000000E+0
5.800000E+4	0.000000E+0
5.825000E+4	0.000000E+0
5.850000E+4	0.000000E+0
5.875000E+4	0.000000E+0
5.900000E+4	0.000000E+0
5.925000E+4	1.214930E-5
5.950000E+4	6.074630E-5
5.975000E+4	2.186870E-4
6.000000E+4	3.280300E-4
6.025000E+4	2.308360E-4
6.050000E+4	6.074630E-5
6.075000E+4	0.000000E+0
6.100000E+4	0.000000E+0
6.125000E+4	0.000000E+0
6.150000E+4	0.000000E+0
6.175000E+4	0.000000E+0
6.200000E+4	0.000000E+0
6.225000E+4	0.000000E+0
6.250000E+4	0.000000E+0
6.275000E+4	0.000000E+0
6.300000E+4	0.000000E+0
6.325000E+4	0.000000E+0
6.350000E+4	0.000000E+0
6.375000E+4	0.000000E+0
6.400000E+4	0.000000E+0
6.425000E+4	0.000000E+0
6.450000E+4	0.000000E+0
6.475000E+4	0.000000E+0
6.500000E+4	1.214930E-5
6.525000E+4	0.000000E+0
6.550000E+4	0.000000E+0
6.575000E+4	0.000000E+0
6.600000E+4	0.000000E+0
6.625000E+4	0.000000E+0
6.650000E+4	0.000000E+0
6.675000E+4	0.000000E+0
6.700000E+4	0.000000E+0
6.725000E+4	0.000000E+0
6.750000E+4	0.000000E+0
6.775000E+4	0.000000E+0
6.800000E+4	0.000000E+0
6.825000E+4	0.000000E+0
6.850000E+4	0.000000E+0
6.875000E+4	0.000000E+0
6.900000E+4	0.000000E+0
6.925000E+4	7.532550E-4
6.950000E+4	8.990460E-3
6.975000E+4	3.096850E-2
7.000000E+4	4.535320E-2
7.025000E+4	3.076190E-2
7.050000E+4	8.868960E-3
7.075000E+4	7.168070E-4
7.100000E+4	0.000000E+0
7.125000E+4	0.000000E+0
7.150000E+4	0.000000E+0
7.175000E+4	0.000000E+0
7.200000E+4	0.000000E+0
7.225000E+4	0.000000E+0
7.250000E+4	0.000000E+0
7.275000E+4	0.000000E+0
7.300000E+4	0.000000E+0
7.325000E+4	0.000000E+0
7.350000E+4	0.000000E+0
7.375000E+4	0.000000E+0
7.400000E+4	0.000000E+0
7.425000E+4	0.000000E+0
7.450000E+4	1.214930E-5
7.475000E+4	0.000000E+0
7.500000E+4	0.000000E+0
7.525000E+4	0.000000E+0
7.550000E+4	0.000000E+0
7.575000E+4	0.000000E+0
7.600000E+4	0.000000E+0
7.625000E+4	0.000000E+0
7.650000E+4	0.000000E+0
7.675000E+4	0.000000E+0
7.700000E+4	0.000000E+0
7.725000E+4	0.000000E+0
7.750000E+4	0.000000E+0
7.775000E+4	0.000000E+0
7.800000E+4	0.000000E+0
7.825000E+4	0.000000E+0
7.850000E+4	0.000000E+0
7.875000E+4	0.000000E+0
7.900000E+4	0.000000E+0
7.925000E+4	0.000000E+0
7.950000E+4	6.074630E-5
7.975000E+4	2.308360E-4
8.000000E+4	3.523290E-4
8.025000E+4	2.429850E-4
8.050000E+4	7.289560E-5
8.075000E+4	0.000000E+0
8.100000E+4	0.000000E+0
8.125000E+4	0.000000E+0
8.150000E+4	0.000000E+0
8.175000E+4	0.000000E+0
8.200000E+4	1.214930E-5
8.225000E+4	1.214930E-5
8.250000E+4	1.214930E-5
8.275000E+4	0.000000E+0
8.300000E+4	0.000000E+0
8.325000E+4	0.000000E+0
8.350000E+4	0.000000E+0
8.375000E+4	0.000000E+0
8.400000E+4	0.000000E+0
8.425000E+4	0.000000E+0
8.450000E+4	0.000000E+0
8.475000E+4	0.000000E+0
8.500000E+4	0.000000E+0
8.525000E+4	0.000000E+0
8.550000E+4	0.000000E+0
8.575000E+4	0.000000E+0
8.600000E+4	0.000000E+0
8.625000E+4	0.000000E+0
8.650000E+4	0.000000E+0
8.675000E+4	0.000000E+0
8.700000E+4	0.000000E+0
8.725000E+4	0.000000E+0
8.750000E+4	0.000000E+0
8.775000E+4	0.000000E+0
8.800000E+4	0.000000E+0
8.825000E+4	0.000000E+0
8.850000E+4	0.000000E+0
8.875000E+4	0.000000E+0
8.900000E+4	0.000000E+0
8.925000E+4	5.710160E-4
8.950000E+4	6.985830E-3
8.975000E+4	2.406770E-2
9.000000E+4	3.525720E-2
9.025000E+4	2.390980E-2
9.050000E+4	6.888630E-3
9.075000E+4	5.588660E-4
9.100000E+4	0.000000E+0
9.125000E+4	0.000000E+0
9.150000E+4	0.000000E+0
9.175000E+4	1.214930E-5
9.200000E+4	1.214930E-5
9.225000E+4	1.214930E-5
9.250000E+4	0.000000E+0
9.275000E+4	0.000000E+0
9.300000E+4	0.000000E+0
9.325000E+4	0.000000E+0
9.350000E+4	0.000000E+0
9.375000E+4	0.000000E+0
9.400000E+4	0.000000E+0
9.425000E+4	1.214930E-5
9.450000E+4	0.000000E+0
9.475000E+4	0.000000E+0
9.500000E+4	0.000000E+0
9.525000E+4	0.000000E+0
9.550000E+4	0.000000E+0
9.575000E+4	0.000000E+0
9.600000E+4	0.000000E+0
9.625000E+4	0.000000E+0
9.650000E+4	0.000000E+0
9.675000E+4	0.000000E+0
9.700000E+4	0.000000E+0
9.725000E+4	0.000000E+0
9.750000E+4	0.000000E+0
9.775000E+4	0.000000E+0
9.800000E+4	0.000000E+0
9.825000E+4	1.214930E-5
9.850000E+4	0.000000E+0
9.875000E+4	0.000000E+0
9.900000E+4	0.000000E+0
9.925000E+4	1.214930E-5
9.950000E+4	7.289560E-5
9.975000E+4	2.429850E-4
