Time,Position,Velocity1,Acceleration1,Angle2,Velocity2,Acceleration2
0.05,0.837263,-0.577383333333,1.11858228395,-0.174532925199,-0.79509443702,20.3815671538
0.1,0.807079,-0.532793333333,1.46288970679,-0.244346095279,0.0969627362219,23.2839850581
0.15,0.7804965,-0.455103833333,1.97666453704,-0.226892802759,1.43116998664,25.775927379
0.2,0.7595735,-0.338807777778,2.54642564815,-0.10471975512,2.8410081713,25.1866094155
0.25,0.745682,-0.191794166667,2.96873910494,0.0698131700798,4.09182746856,21.5214179863
0.3,0.739851,-0.0312511111111,3.13408839506,0.314159265359,5.07115110441,15.8878830118
0.35,0.7424235,0.131769166667,3.04640108025,0.593411945678,5.67232006898,10.2134082154
0.4,0.753571,0.282308055556,2.73907731481,0.890117918517,6.04077846662,5.42991322843
0.45,0.7715785,0.410837777778,2.29137762346,1.20427718388,6.2056151182,0.851117351281
0.5,0.7955885,0.514785833333,1.7493,1.51843644924,6.15713375009,-4.26636039376
0.55,0.824229,0.588816666667,1.13115895062,1.83259571459,5.80806789969,-9.96022773746
0.6,0.855785,0.629786111111,0.462785339506,2.11184839491,5.14872129338,-15.4763300648
0.65,0.8885415,0.636265,-0.237718055556,2.35619449019,4.24696784652,-20.6638364526
0.7,0.9207835,0.60711,-0.95653595679,2.54818070791,3.06402246461,-25.339595066
0.75,0.950796,0.539843888889,-1.64682345679,2.67035375555,1.67745533664,-29.1373022347
0.8,0.976178,0.437896666667,-2.2294470679,2.72271363311,0.116355283466,-31.9546084038
0.85,0.9955575,0.310510277778,-2.65676790123,2.68780704807,-1.58049260042,-33.0912271451
0.9,1.0079055,0.165688055556,-2.91380617284,2.56563400043,-3.28703675792,-31.8630324863
0.95,1.012536,0.0115286111111,-2.98177098765,2.35619449019,-4.89661817921,-27.672087554
1,1.0089345,-0.140248888889,-2.86315015432,2.05948851735,-6.14743747647,-21.127102859
1.05,0.9979585,-0.279735555556,-2.60928780864,1.72787595947,-7.03949464971,-13.3700839613
1.1,0.9804655,-0.405121111111,-2.24564429012,1.34390352404,-7.57278969893,-3.70074443247
1.15,0.956627,-0.509355,-1.7621095679,0.942477796077,-7.46613068909,7.13214793099
1.2,0.9283295,-0.584529166667,-1.19240138889,0.575958653158,-6.8164803564,17.2162724981
1.25,0.8971165,-0.631215277778,-0.550387962963,0.244346095279,-5.71110516347,26.2553542414
1.3,0.8638455,-0.642934444444,0.165889197531,-0.0174532925199,-4.10152374219,32.9619434968
1.35,0.8312605,-0.615875555556,0.908261882716,-0.174532925199,-2.25923175397,36.0647510559
1.4,0.8007335,-0.550610277778,1.61670509259,-0.244346095279,-0.368458397643,35.9354674076
1.45,0.774837,-0.450568611111,2.23712222222,-0.209439510239,1.45444104333,32.8003389364
1.5,0.7546,-0.322515277778,2.73854799383,-0.0872664625997,3.00584482288,27.4081334387
1.55,0.741566,-0.170166111111,3.0699558642,0.10471975512,4.22757529928,21.1217160403
1.6,0.737107,-0.00609777777778,3.17364984568,0.349065850399,5.10993619889,14.9322613782
1.65,0.7410515,0.156350833333,3.05121790123,0.628318530718,5.6820163426,9.51850860578
1.7,0.753228,0.306794444444,2.73066111111,0.925024503557,6.031082193,4.76733453091
1.75,0.7726075,0.435419444444,2.25374290123,1.23918376892,6.16683002371,-3.45402718772E-15
1.8,0.797818,0.536890277778,1.65772746914,1.55334303427,6.031082193,-4.76733453091
1.85,0.827659,0.604442222222,0.982631481481,1.85004900711,5.6820163426,-9.50773496843
1.9,0.8597295,0.635502777778,0.289591512346,2.12930168743,5.10993619889,-14.851459098
1.95,0.892486,0.632930277778,-0.396779012346,2.37364778271,4.22757529928,-20.7015441834
2,0.924385,0.595486111111,-1.06806388889,2.56563400043,3.02523737012,-26.1530046865
2.05,0.9533685,0.524504166667,-1.69382716049,2.68780704807,1.54170750593,-30.0638350475
2.1,0.9780645,0.422652222222,-2.23283472222,2.72271363311,-0.048481368111,-32.2724307059
2.15,0.9965865,0.296313888889,-2.64644614198,2.68780704807,-1.74532925199,-32.7680180243
2.2,1.00842,0.151968055556,-2.90364320988,2.54818070791,-3.42278458863,-30.9041787614
2.25,1.012193,-0.00190555555556,-2.96880262346,2.33874119767,-4.9354032737,-26.7078470105
2.3,1.008077,-0.152730277778,-2.84494151235,2.04203522483,-6.15713375009,-20.7607991888
2.35,0.996415,-0.291931111111,-2.57509367284,1.71042266695,-7.04919092333,-13.4724335162
2.4,0.978236,-0.4141725,-2.19594104938,1.32645023152,-7.6018785198,-3.99701945981
2.45,0.954226,-0.515929166667,-1.71002438272,0.925024503557,-7.55339715169,7.49845160116
2.5,0.925414,-0.588149722222,-1.14396851852,0.541052068118,-6.8164803564,18.3852121514
2.55,0.8943725,-0.632358611111,-0.516564351852,0.226892802759,-5.61414242725,27.0903111367
2.6,0.86093,-0.643696666667,0.195372376543,-0.0349065850399,-4.03364982683,33.6191353756
2.65,0.828345,-0.614636944444,0.946055401235,-0.191986217719,-2.11378764964,36.7381033907
2.7,0.7979895,-0.5479425,1.67148981481,-0.244346095279,-0.203621746066,36.113232424
2.75,0.772093,-0.444375555556,2.31657330247,-0.209439510239,1.61927769491,32.4448089036
2.8,0.7523705,-0.310986666667,2.82318641975,-0.0698131700798,3.14159265359,26.4385060765
2.85,0.7400225,-0.154159444444,3.13262746914,0.12217304764,4.26636039376,20.1251545847
2.9,0.7365925,0.0121002777778,3.2028154321,0.366519142919,5.11963247252,14.4205136037
2.95,0.7413945,0.175025277778,3.04767145062,0.645771823238,5.6820163426,9.32996995202
3,0.7546,0.324801944444,2.69180895062,0.942477796077,6.031082193,4.72962680016
3.05,0.774837,0.450663888889,2.17683256173,1.25663706144,6.16683002371,-0.010773637358
3.1,0.800905,0.546036944444,1.56821929012,1.57079632679,6.031082193,-4.79965544298
3.15,0.830746,0.608539166667,0.920859722222,1.86750229963,5.6820163426,-9.65856589144
3.2,0.862988,0.638742222222,0.25169212963,2.14675497995,5.10023992527,-15.1800550374
3.25,0.895916,0.635121666667,-0.443941512346,2.39110107523,4.19848647841,-21.2294524139
3.3,0.9279865,0.594628611111,-1.13825185185,2.58308729295,2.9282746339,-26.3361565216
3.35,0.9567985,0.518692222222,-1.7707904321,2.68780704807,1.50292241144,-30.0476745914
3.4,0.98098,0.413505555556,-2.30079953704,2.74016692563,-0.0969627362219,-32.7680180243
3.45,0.999159,0.283260833333,-2.69117376543,2.68780704807,-1.87138080908,-33.1397085132
3.5,1.0099635,0.137009444444,-2.90120833333,2.54818070791,-3.54883614572,-30.5271014539
3.55,1.0130505,-0.0145775,-2.92592762346,2.32128790515,-4.98388464181,-26.1799387799
3.6,1.0082485,-0.16121,-2.80333688272,2.04203522483,-6.19591884458,-20.6261287219
3.65,0.9965865,-0.298791111111,-2.56868888889,1.69296937443,-7.13645738593,-12.9606857417
3.7,0.977893,-0.423033333333,-2.20986219136,1.308996939,-7.6018785198,-2.94658981741
3.75,0.9533685,-0.524694722222,-1.73040324074,0.907571211037,-7.46613068909,7.98326528227
3.8,0.924385,-0.599868888889,-1.15063796296,0.541052068118,-6.77769526191,18.4067594261
3.85,0.892143,-0.643220277778,-0.480941049383,0.209439510239,-5.57535733276,27.4727752629
3.9,0.8587005,-0.651128333333,0.26196095679,-0.0349065850399,-3.92699081699,33.9531181337
3.95,0.8254295,-0.618924444444,1.04022160494,-0.191986217719,-2.04591373428,37.0666993302
4,0.795074,-0.544703055556,1.76406805556,-0.244346095279,-0.0678739153553,36.4579888194
4.05,0.769692,-0.437325,2.36828796296,-0.191986217719,1.75502552562,32.2778175245
4.1,0.7503125,-0.302983333333,2.83991296296,-0.0523598775598,3.21916284257,26.4061851644
4.15,0.738479,-0.146727777778,3.13781481481,0.13962634016,4.40210822447,20.1359282221
4.2,0.7352205,0.0197225,3.21657777778,0.401425727959,5.24568402961,13.7471612688
4.25,0.740537,0.184267222222,3.06667407407,0.680678408278,5.72080143709,8.47885260074
4.3,0.754257,0.334234444444,2.71785154321,0.977384381117,6.04077846662,4.24481311905
4.35,0.774837,0.461906666667,2.2164257716,1.29154364648,6.16683002371,-0.231633203197
4.4,0.801591,0.560519166667,1.59828472222,1.60570291183,6.031082193,-5.0259018275
4.45,0.8322895,0.62426,0.9132375,1.90240888467,5.67232006898,-10.1757004846
4.5,0.865389,0.652748055556,0.200506790123,2.18166156499,5.06145483078,-16.1820033117
4.55,0.899003,0.644458888889,-0.515505709877,2.42600766027,4.0627386477,-22.2314006882
4.6,0.931245,0.600345277778,-1.20865154321,2.60054058547,2.76343798232,-26.8479042961
4.65,0.9604,0.521550555556,-1.84844182099,2.70526034059,1.32838948624,-30.2416000639
4.7,0.9845815,0.412362222222,-2.40057654321,2.74016692563,-0.271495661421,-32.8380466672
4.75,1.0027605,0.276019722222,-2.81074737654,2.68780704807,-2.04591373428,-33.2851526175
4.8,1.012879,0.122717777778,-3.01744722222,2.53072741539,-3.73306534454,-30.7748951131
4.85,1.0151085,-0.0339188888889,-3.02406373457,2.30383461263,-5.18750638787,-26.2984487909
4.9,1.0092775,-0.185791666667,-2.86939614198,2.00712863979,-6.44802195876,-19.6349540849
4.95,0.996072,-0.325945277778,-2.57895771605,1.64060949687,-7.26250894302,-10.6120327976
5,0.9760065,-0.4484725,-2.16635200617,1.25663706144,-7.52430833082,-0.91037235675
5.05,0.9502815,-0.547085,-1.6422712963,0.872664625997,-7.340079132,8.81822217751
5.1,0.9200975,-0.615780277778,-1.03487546296,0.506145483078,-6.69042879931,19.1393667665
5.15,0.8875125,-0.653129166667,-0.359356018519,0.174532925199,-5.40082440756,28.528591724
5.2,0.853384,-0.654558333333,0.37989367284,-0.0523598775598,-3.66519142919,34.249393161
5.25,0.820456,-0.616066111111,1.13856944444,-0.191986217719,-1.84229198822,36.5387910996
5.3,0.790272,-0.5393675,1.86289228395,-0.244346095279,0.106659009844,35.6607396549
5.35,0.7650615,-0.426082222222,2.49220200617,-0.174532925199,1.89077335633,31.162746058
5.4,0.7465395,-0.284213611111,2.9668970679,-0.0349065850399,3.25794793706,25.5173600824
5.45,0.735735,-0.120812222222,3.22668780864,0.157079632679,4.42150077172,19.9096818376
5.5,0.7341915,0.0492586111111,3.2283287037,0.418879020479,5.27477285047,13.8979921918
5.55,0.7410515,0.211040277778,3.0056962963,0.698131700798,5.80806789969,8.11254893057
5.6,0.755972,0.356053055556,2.61717469136,1.01229096616,6.04077846662,3.22670438872
5.65,0.777581,0.477436944444,2.1051625,1.308996939,6.07956356111,-0.700286428269
5.7,0.8048495,0.570142222222,1.50036033951,1.62315620435,5.99229709851,-4.98280727807
5.75,0.835891,0.629881388889,0.831086882716,1.91986217719,5.63353497449,-10.2618895835
5.8,0.869162,0.655225277778,0.114862654321,2.19911485751,4.97418836818,-15.8965019217
5.85,0.9029475,0.642172222222,-0.616711882716,2.42600766027,4.05304237408,-21.6927188203
5.9,0.9348465,0.592056111111,-1.31102222222,2.61799387799,2.81191935044,-27.3381047959
5.95,0.963487,0.507830555556,-1.92111759259,2.72271363311,1.23142675002,-31.1034910525
6,0.986811,0.394735833333,-2.40428179012,2.74016692563,-0.387850944888,-32.7841784804
6.05,1.0037895,0.260584722222,-2.73452515432,2.68780704807,-2.09439510239,-32.9134621287
6.1,1.0130505,0.117858611111,-2.96403873457,2.53072741539,-3.77185043903,-30.7102532889
6.15,1.0161375,-0.03773,-3.10340895062,2.30383461263,-5.27477285047,-25.9752396701
6.2,1.009792,-0.2015125,-3.02147006173,1.98967534727,-6.45771823238,-19.0531776676
6.25,0.9955575,-0.353861666667,-2.63744768519,1.64060949687,-7.21402757491,-10.9136946436
6.3,0.9729195,-0.473721111111,-2.05588271605,1.25663706144,-7.61157479342,-1.26051557088
6.35,0.94668,-0.558137222222,-1.46119058642,0.855211333477,-7.41764932098,9.86326500124
6.4,0.9163245,-0.618448055556,-0.873009104938,0.488692190558,-6.60316233671,20.4483637055
6.45,0.8837395,-0.649032222222,-0.215804166667,0.174532925199,-5.27477285047,28.8140931139
6.5,0.849954,-0.643601388889,0.510530092593,-0.0523598775598,-3.59731751383,34.1685908809
6.55,0.817712,-0.597582222222,1.23358256173,-0.191986217719,-1.73563297837,36.4041206326
6.6,0.7889,-0.517453611111,1.89549845679,-0.226892802759,0.155140377955,35.6391923802
6.65,0.7647185,-0.405216388889,2.47695756173,-0.174532925199,1.95864727168,31.7876170247
6.7,0.7472255,-0.264776944444,2.92539830247,-0.0174532925199,3.4518734095,25.3988500715
6.75,0.73745,-0.104900833333,3.17989583333,0.191986217719,4.47967841345,19.080111761
6.8,0.736421,0.0627880555556,3.19810447531,0.436332312999,5.30386167134,13.7202271754
6.85,0.743967,0.224569722222,2.97790694444,0.733038285838,5.84685299418,8.61890988639
6.9,0.7595735,0.368915555556,2.55455601852,1.02974425868,6.16683002371,3.61455533361
6.95,0.78204,0.485059166667,2.00093919753,1.36135681656,6.2056151182,-1.39518603786
7,0.8093085,0.570428055556,1.39237885802,1.65806278939,6.02138591938,-6.34028558518
7.05,0.8401785,0.625975,0.737291203704,1.97222205475,5.60444615363,-11.8887088245
7.1,0.873278,0.646650277778,0.0317063271605,2.23402144255,4.82874426385,-17.4048111518
7.15,0.9063775,0.629405,-0.679330555556,2.46091424531,3.85911690163,-22.7323748254
7.2,0.9375905,0.577002222222,-1.35199166667,2.63544717051,2.54042368901,-27.5320302683
7.25,0.9653735,0.491538055556,-1.95737608025,2.72271363311,1.02780500395,-30.6509982835
7.3,0.98784,0.377776388889,-2.46785324074,2.74016692563,-0.572080143709,-32.4663561783
7.35,1.0041325,0.239814166667,-2.84488858025,2.67035375555,-2.26892802759,-32.757244387
7.4,1.012536,0.0851783333333,-3.02512237654,2.51327412287,-3.94638336423,-30.6348378274
7.45,1.0127075,-0.0717441666667,-2.99002839506,2.26892802759,-5.44930577567,-25.7436064669
7.5,1.00499,-0.220568055556,-2.78110540123,1.95476876223,-6.62255488396,-18.358278058
7.55,0.9900695,-0.354623888889,-2.44059320988,1.58824961931,-7.340079132,-9.42693268824
7.6,0.9688035,-0.469243055556,-1.98479490741,1.20427718388,-7.61157479342,0.630257785442
7.65,0.9420495,-0.556993888889,-1.43419521605,0.802851455917,-7.30129403751,11.2369037644
7.7,0.9118655,-0.614065277778,-0.832939506173,0.453785605519,-6.45771823238,21.1378764964
7.75,0.8796235,-0.642553333333,-0.173140895062,0.13962634016,-5.15841756701,29.8860700311
7.8,0.846181,-0.634931111111,0.556686882716,-0.0872664625997,-3.32582185241,35.3429173529
7.85,0.8144535,-0.586815833333,1.28667345679,-0.191986217719,-1.43504849608,36.565725193
7.9,0.786156,-0.503638333333,1.9592816358,-0.226892802759,0.39754721851,35.4668141825
7.95,0.762832,-0.387875833333,2.54534583333,-0.157079632679,2.23983920673,31.3405110744
8,0.7461965,-0.243720555556,2.98537037037,0.0174532925199,3.65549515557,24.6931768245
8.05,0.7376215,-0.0799380555556,3.19932191358,0.226892802759,4.66390761227,18.5306562557
8.1,0.738136,0.0867980555556,3.15882885802,0.488692190558,5.46869832292,13.0468748405
8.15,0.746711,0.244101666667,2.90666033951,0.785398163397,5.98260082489,7.54693296927
8.2,0.763175,0.384541111111,2.47616358025,1.09955742876,6.2056151182,2.41329476819
8.25,0.7863275,0.496873611111,1.91778287037,1.41371669412,6.2056151182,-2.45100249894
8.3,0.8141105,0.578145555556,1.30011820988,1.72787595947,5.98260082489,-7.68160343625
8.35,0.8453235,0.628166388889,0.643177932099,2.02458193231,5.45900204929,-13.256960769
8.4,0.8782515,0.644173055556,-0.0517146604938,2.28638132011,4.63481879141,-18.4498539756
8.45,0.9111795,0.623783611111,-0.761851697531,2.49582083035,3.58762124021,-23.1094521329
8.5,0.9420495,0.567283888889,-1.4493337963,2.65290046303,2.32710566933,-27.5858984551
8.55,0.969318,0.475817222222,-2.05942916667,2.74016692563,0.804790710642,-31.2920297063
8.6,0.9907555,0.3558625,-2.53565925926,2.74016692563,-0.882360899619,-33.0966139637
8.65,1.005676,0.215994722222,-2.85314598765,2.65290046303,-2.59860133075,-32.5687057332
8.7,1.012879,0.0633597222222,-2.99071651235,2.47836753783,-4.24696784652,-29.4497377181
8.75,1.0120215,-0.0902280555556,-2.94932361111,2.21656815003,-5.63353497449,-24.0629190391
8.8,1.003618,-0.237718055556,-2.75051064815,1.90240888467,-6.70012507293,-17.1462438552
8.85,0.9876685,-0.370725833333,-2.41285679012,1.53588974176,-7.43704186822,-8.18257757339
8.9,0.9657165,-0.483058333333,-1.96536882716,1.1344640138,-7.6018785198,2.50487068573
8.95,0.938448,-0.571190277778,-1.414875,0.750491578358,-7.1655462068,12.971459379
9,0.9074065,-0.628833333333,-0.761110648148,0.401425727959,-6.26379275994,22.5115152595
9.05,0.8741355,-0.650366111111,-0.0337177469136,0.10471975512,-4.87722563196,30.7318005637
9.1,0.8408645,-0.633597222222,0.723793518519,-0.10471975512,-3.07371873823,36.0324301438
9.15,0.809137,-0.576525833333,1.44732237654,-0.209439510239,-1.09567891931,37.2229170719
9.2,0.7818685,-0.484868611111,2.07869645062,-0.209439510239,0.79509443702,34.7880750289
9.25,0.7595735,-0.364818611111,2.60505324074,-0.12217304764,2.48224604728,29.8106545696
9.3,0.74431,-0.218853055556,2.98547623457,0.0523598775598,3.83972435439,23.3410853361
9.35,0.737107,-0.05831,3.16952114198,0.279252680319,4.79965544298,17.0115733883
9.4,0.7383075,0.106711111111,3.13845,0.541052068118,5.49778714378,11.5008578797
9.45,0.748083,0.264014722222,2.89475061728,0.837758040957,5.95351200403,6.21100193688
9.5,0.7654045,0.403691944444,2.46552422839,1.15191730632,6.07956356111,1.72916879596
9.55,0.789586,0.515833888889,1.89999768519,1.44862327916,6.07956356111,-2.03621746066
9.6,0.8182265,0.596438888889,1.25353796296,1.76278254451,5.9438157304,-7.06211928816
9.65,0.8504685,0.644077777778,0.539695679012,2.05948851735,5.43960950205,-13.3000553184
9.7,0.884254,0.651795277778,-0.199606944444,2.32128790515,4.59603369692,-19.3009713268
9.75,0.917182,0.621878055556,-0.888761697531,2.53072741539,3.4518734095,-24.1426439555
9.8,0.947709,0.558804166667,-1.47483648148,2.67035375555,2.15257274413,-27.8520072979
9.85,0.9739485,0.469243055556,-1.90451808642,2.75762021815,0.601168964576,-29.4885228126
9.9,0.996072,0.358092,-2.09055324074,2.74016692563,-1.00647320198,-27.0590675883
9.95,1.0099635,0.244196944444,-1.98490606481,2.63544717051,-2.2301429331,-22.3111256047
10,1.01528,0.163115555556,-1.80087703704,2.46091424531,-3.00584482288,-18.4293840646