Vernier Format 2
Untitled.cmbl 10/31/2024 11:42:48 .
Latest
Time	Position	Velocity 1	Acceleration 1	Angle 2	Velocity 2	Acceleration 2
t	x	v 1	acc 1	Angle 2	v 2	acc 2
s	m	m/s	m/s²	rad	rad/s	rad/s²

0.05	0.913066	0.464955555556	-1.40065743827	-0.0523598775598	-1.0471975512	0.606555783255
0.1	0.938105	0.407264861111	-1.76256478395	-0.10471975512	-1.03265314076	1.21957574892
0.15	0.957999	0.312758833333	-2.27328013889	-0.157079632679	-0.98320214529	2.32225753251
0.2	0.971376	0.180170277778	-2.77072541667	-0.209439510239	-0.824183257886	3.79285903188
0.25	0.9766925	0.0224855555556	-3.02021557099	-0.244346095279	-0.562383870087	4.65798211173
0.3	0.9736055	-0.135580277778	-2.94337404321	-0.261799387799	-0.339369576777	5.13040610987
0.35	0.9626295	-0.281355277778	-2.61283425926	-0.279252680319	-0.0872664625997	6.0009160084
0.4	0.944622	-0.405025833333	-2.06969799383	-0.279252680319	0.300584482288	6.01707646444
0.45	0.9207835	-0.495158611111	-1.35622623457	-0.244346095279	0.601168964576	4.47644632224
0.5	0.893515	-0.544988888889	-0.533502623457	-0.209439510239	0.727220521664	3.14051528985
0.55	0.8645315	-0.550515	0.33527191358	-0.174532925199	0.872664625997	2.45638931762
0.6	0.836577	-0.509640833333	1.16307700617	-0.12217304764	0.998716183086	1.36825194446
0.65	0.8120525	-0.4296075	1.88263595679	-0.0698131700798	1.02780500395	-0.0754154615059
0.7	0.79233	-0.316322222222	2.46637114198	-0.0174532925199	0.998716183086	-1.74532925199
0.75	0.779296	-0.1757875	2.8639441358	0.0349065850399	0.853272078753	-3.4098562238
0.8	0.774151	-0.0202941666667	3.02475185185	0.0698131700798	0.649650332687	-4.81042908034
0.85	0.777238	0.136533055556	2.93820787037	0.10471975512	0.349065850399	-5.67770688766
0.9	0.788214	0.282784444444	2.6154279321	0.10471975512	0.0387850944888	-5.6938673437
0.95	0.806393	0.406740833333	2.07557345679	0.10471975512	-0.213318019688	-5.66154643162
1	0.8302315	0.497159444444	1.3633191358	0.0872664625997	-0.523598775598	-5.4891682339
1.05	0.8576715	0.547751944444	0.533661419753	0.0523598775598	-0.814486984264	-4.29868130584
1.1	0.8868265	0.552706388889	-0.347658024691	0	-0.989019909463	-2.40252113083
1.15	0.914781	0.511641666667	-1.1962125	-0.0523598775598	-1.03750127757	-0.700286428269
1.2	0.9396485	0.42875	-1.9380029321	-0.10471975512	-1.03750127757	0.657191878837
1.25	0.959028	0.311177222222	-2.51311018519	-0.157079632679	-0.989019909463	2.21936929575
1.3	0.971719	0.169308611111	-2.88157052469	-0.209439510239	-0.824183257886	3.82464126209
1.35	0.976521	0.01372	-3.01617685185	-0.244346095279	-0.562383870087	4.67037179469
1.4	0.973091	-0.142154444444	-2.90634274691	-0.261799387799	-0.339369576777	5.13363820108
1.45	0.961772	-0.285356944444	-2.57758148148	-0.279252680319	-0.0872664625997	6.0009160084
1.5	0.9437645	-0.407598333333	-2.05043070988	-0.279252680319	0.300584482288	6.01707646444
1.55	0.9197545	-0.497826388889	-1.34294027778	-0.244346095279	0.601168964576	4.47644632224
1.6	0.8923145	-0.546703888889	-0.516405555556	-0.209439510239	0.727220521664	3.14051528985
1.65	0.863331	-0.551181944444	0.354697993827	-0.174532925199	0.872664625997	2.45638931762
1.7	0.8353765	-0.510021944444	1.19568317901	-0.12217304764	0.998716183086	1.36825194446
1.75	0.8106805	-0.427416111111	1.93440354938	-0.0698131700798	1.02780500395	-0.0754154615059
1.8	0.791301	-0.310510277778	2.51845632716	-0.0174532925199	0.998716183086	-1.74532925199
1.85	0.77861	-0.16807	2.90591929012	0.0349065850399	0.853272078753	-3.4098562238
1.9	0.773808	-0.00971833333333	3.04269583333	0.0698131700798	0.649650332687	-4.80504226166
1.95	0.7777525	0.147013611111	2.91512947531	0.10471975512	0.349065850399	-5.64538597559
2	0.7890715	0.290216111111	2.56614814815	0.10471975512	0.0387850944888	-5.54842323936
2.05	0.8075935	0.411504722222	2.01692469136	0.10471975512	-0.203621746066	-5.37065822296
2.1	0.8316035	0.498588611111	1.3034	0.0872664625997	-0.494509954732	-5.14979865712
2.15	0.8590435	0.545655833333	0.489939506173	0.0523598775598	-0.727220521664	-4.62189042658
2.2	0.8878555	0.549466944444	-0.368777932099	0.0174532925199	-0.989019909463	-3.38292213041
2.25	0.91581	0.508021111111	-1.2049462963	-0.0523598775598	-1.12476774017	-1.02349554901
2.3	0.9403345	0.424653055556	-1.93821466049	-0.10471975512	-1.06659009844	0.996561455614
2.35	0.9595425	0.308223611111	-2.51919737654	-0.157079632679	-0.998716183086	2.51025750441
2.4	0.9722335	0.165306944444	-2.90607808642	-0.209439510239	-0.824183257886	3.97008536642
2.45	0.9766925	0.00752694444444	-3.04460138889	-0.244346095279	-0.562383870087	4.70269270676
2.5	0.9729195	-0.149490833333	-2.92624521605	-0.261799387799	-0.339369576777	5.13902501976
2.55	0.9612575	-0.294217777778	-2.57387623457	-0.279252680319	-0.0872664625997	6.0009160084
2.6	0.942564	-0.415125277778	-2.01353703704	-0.279252680319	0.300584482288	6.01707646444
2.65	0.9183825	-0.502018611111	-1.29000817901	-0.244346095279	0.601168964576	4.47644632224
2.7	0.890771	-0.548323611111	-0.461038580247	-0.209439510239	0.727220521664	3.14051528985
2.75	0.8617875	-0.550133888889	0.411652932099	-0.174532925199	0.872664625997	2.45638931762
2.8	0.833833	-0.504972222222	1.23564691358	-0.12217304764	0.998716183086	1.36825194446
2.85	0.809823	-0.421508888889	1.94186697531	-0.0698131700798	1.02780500395	-0.0754154615059
2.9	0.7904435	-0.305841666667	2.5123162037	-0.0174532925199	0.998716183086	-1.74532925199
2.95	0.7780955	-0.162925	2.89305679012	0.0349065850399	0.853272078753	-3.4098562238
3	0.7736365	-0.00676472222222	3.03454429012	0.0698131700798	0.649650332687	-4.80504226166
3.05	0.7774095	0.150157777778	2.93132669753	0.10471975512	0.349065850399	-5.63999915691
3.1	0.7890715	0.2958375	2.58848549383	0.10471975512	0.0387850944888	-5.51071550861
3.15	0.8079365	0.417888333333	2.02602901235	0.10471975512	-0.203621746066	-5.19289320655
3.2	0.8322895	0.504686388889	1.30101805556	0.0872664625997	-0.48481368111	-4.70807952544
3.25	0.859901	0.552420555556	0.464743827161	0.0523598775598	-0.688435427176	-3.95931172906
3.3	0.889399	0.553659166667	-0.425362345679	0.0174532925199	-0.872664625997	-3.22131757004
3.35	0.917182	0.507735277778	-1.26761790123	-0.0349065850399	-1.02780500395	-2.03621746066
3.4	0.9417065	0.422080555556	-1.99400509259	-0.0872664625997	-1.12476774017	0.032320912074
3.45	0.960743	0.302221111111	-2.56122546296	-0.157079632679	-1.02780500395	2.19782202103
3.5	0.9729195	0.15778	-2.92079320988	-0.191986217719	-0.862968352375	3.58223442153
3.55	0.9770355	0.000476388888889	-3.0397316358	-0.244346095279	-0.659346606309	4.63805088261
3.6	0.9729195	-0.156065	-2.91031265432	-0.261799387799	-0.378154671265	5.21982729995
3.65	0.9609145	-0.299553333333	-2.5512742284	-0.279252680319	-0.135747830711	5.69925416238
3.7	0.9420495	-0.419508055556	-1.98601234568	-0.279252680319	0.184229198822	6.15174693141
3.75	0.917525	-0.50421	-1.26671805556	-0.261799387799	0.513902501976	5.81237735464
3.8	0.890085	-0.549466944444	-0.457333333333	-0.226892802759	0.814486984264	4.44951222885
3.85	0.86093	-0.55223	0.403395524691	-0.174532925199	0.989019909463	2.43484204291
3.9	0.8329755	-0.5084975	1.24390432099	-0.12217304764	1.03750127757	0.705673246948
3.95	0.808451	-0.423605	1.98193657407	-0.0698131700798	1.03750127757	-0.657191878837
4	0.789243	-0.303936111111	2.55990216049	-0.0174532925199	0.989019909463	-2.21398247707
4.05	0.7770665	-0.159399722222	2.93058564815	0.0349065850399	0.824183257886	-3.78154671265
4.1	0.772779	-0.00152444444444	3.06492731481	0.0698131700798	0.562383870087	-4.45489904753
4.15	0.776895	0.156827222222	2.95133503086	0.0872664625997	0.349065850399	-4.514154053
4.2	0.7889	0.303555	2.58938533951	0.10471975512	0.135747830711	-4.89661817921
4.25	0.8082795	0.424748333333	2.00533256173	0.10471975512	-0.145444104333	-5.18750638787
4.3	0.832804	0.510307777778	1.26195416667	0.0872664625997	-0.387850944888	-5.28985594277
4.35	0.86093	0.554707222222	0.42186882716	0.0698131700798	-0.688435427176	-4.93971272864
4.4	0.890085	0.553659166667	-0.447911419753	0.0174532925199	-0.950234814975	-3.28595939419
4.45	0.9180395	0.508402222222	-1.27963348765	-0.0349065850399	-1.02780500395	-1.36286512579
4.5	0.942564	0.421794722222	-2.01030817901	-0.0872664625997	-1.0471975512	1.11022302463E-15
4.55	0.9616005	0.300791944444	-2.57599351852	-0.13962634016	-1.02780500395	1.36286512579
4.6	0.9736055	0.155493333333	-2.92751558642	-0.191986217719	-0.950234814975	3.29134621287
4.65	0.97755	-0.0008575	-3.05095324074	-0.244346095279	-0.688435427176	4.97742045939
4.7	0.9736055	-0.1586375	-2.94006049383	-0.261799387799	-0.387850944888	5.47300777786
4.75	0.9612575	-0.304984166667	-2.57980462963	-0.279252680319	-0.135747830711	5.66154643162
4.8	0.9420495	-0.425415277778	-2.00146851852	-0.279252680319	0.174532925199	5.71002779973
4.85	0.9173535	-0.511451111111	-1.26174243827	-0.261799387799	0.475117407487	5.00435455279
4.9	0.8892275	-0.555374166667	-0.424303703704	-0.226892802759	0.688435427176	3.96469854774
4.95	0.8600725	-0.555088333333	0.445317746914	-0.191986217719	0.862968352375	2.96275027345
5	0.8319465	-0.509831388889	1.2861970679	-0.13962634016	0.998716183086	1.70223470256
5.05	0.807422	-0.4227475	2.02841095679	-0.0872664625997	1.03750127757	0.290888208666
5.1	0.788214	-0.299839166667	2.59504907407	-0.0349065850399	1.02780500395	-1.21203420277
5.15	0.776552	-0.153968888889	2.93603765432	0.0174532925199	0.950234814975	-3.22131757004
5.2	0.772436	0.00247722222222	3.05153549383	0.0698131700798	0.688435427176	-4.79426862431
5.25	0.7767235	0.160066666667	2.93630231481	0.0872664625997	0.39754721851	-5.03667546486
5.3	0.7889	0.305746388889	2.58149845679	0.10471975512	0.174532925199	-5.03128864618
5.35	0.8082795	0.426939722222	2.01020231481	0.10471975512	-0.0581776417331	-5.6938673437
5.4	0.8329755	0.513356666667	1.2733875	0.10471975512	-0.387850944888	-6.3079646731
5.45	0.861273	0.5582325	0.435366512346	0.0698131700798	-0.775701889775	-5.26292184938
5.5	0.8905995	0.557851388889	-0.432825771605	0.0174532925199	-0.979323635841	-2.91426890534
5.55	0.9187255	0.514214166667	-1.27910416667	-0.0349065850399	-1.03750127757	-0.926532812787
5.6	0.9437645	0.427130277778	-2.04349660494	-0.0872664625997	-1.03750127757	0.436332312999
5.65	0.9629725	0.3026975	-2.63162515432	-0.13962634016	-0.998716183086	1.73455561464
5.7	0.9749775	0.154064166667	-2.98155925926	-0.191986217719	-0.862968352375	2.97352391081
5.75	0.9787505	-0.00504972222222	-3.08752932099	-0.226892802759	-0.688435427176	3.99701945981
5.8	0.974463	-0.163687222222	-2.95742222222	-0.261799387799	-0.475117407487	5.14979865712
5.85	0.9619435	-0.310415	-2.58594475309	-0.279252680319	-0.164836651577	6.0009160084
5.9	0.9423925	-0.4313225	-1.99437561728	-0.279252680319	0.164836651577	6.0009160084
5.95	0.9173535	-0.516215	-1.2435867284	-0.261799387799	0.475117407487	5.14979865712
6	0.889056	-0.558423055556	-0.413346759259	-0.226892802759	0.688435427176	3.99163264114
6.05	0.859901	-0.558518333333	0.443676851852	-0.191986217719	0.862968352375	2.93581618005
6.1	0.831432	-0.513928333333	1.2861970679	-0.13962634016	0.998716183086	1.55679059823
6.15	0.806736	-0.425891666667	2.02862268519	-0.0872664625997	1.02780500395	0.005386818679
6.2	0.787528	-0.304126666667	2.60224783951	-0.0349065850399	0.998716183086	-1.51908286748
6.25	0.7753515	-0.157589444444	2.97002006173	0.0174532925199	0.862968352375	-2.75266434497
6.3	0.7712355	0.00209611111111	3.10351481481	0.0523598775598	0.698131700798	-3.51759259738
6.35	0.775523	0.162734444444	2.98632314815	0.0872664625997	0.513902501976	-4.33638903659
6.4	0.7880425	0.310224444444	2.62622608025	0.10471975512	0.290888208666	-5.51071550861
6.45	0.807422	0.434466666667	2.03995015432	0.12217304764	-0.0387850944888	-6.49111650819
6.5	0.8329755	0.521931666667	1.26851774691	0.10471975512	-0.436332312999	-5.96320827765
6.55	0.8614445	0.564520833333	0.408371141975	0.0698131700798	-0.678739153553	-4.47105950357
6.6	0.891114	0.563282222222	-0.47077808642	0.0349065850399	-0.862968352375	-3.15667574589
6.65	0.919583	0.516405555556	-1.31753287037	-0.0174532925199	-0.998716183086	-1.77765016407
6.7	0.9444505	0.427320833333	-2.05826466049	-0.0698131700798	-1.03750127757	-0.479426862431
6.75	0.9636585	0.303936111111	-2.6323132716	-0.12217304764	-1.03750127757	0.743380977701
6.8	0.975835	0.155779166667	-2.99495108025	-0.174532925199	-0.989019909463	2.44022886158
6.85	0.9797795	-0.00562138888889	-3.10880802469	-0.226892802759	-0.814486984264	4.44412541017
6.9	0.975149	-0.164925833333	-2.97494274691	-0.261799387799	-0.513902501976	5.78005644256
6.95	0.962801	-0.311748888889	-2.61569259259	-0.279252680319	-0.184229198822	6.0009160084
7	0.9430785	-0.435133611111	-2.04085	-0.279252680319	0.126051557088	5.37065822296
7.05	0.917868	-0.523075	-1.28953179012	-0.261799387799	0.349065850399	4.69730588808
7.1	0.889056	-0.568236666667	-0.432455246914	-0.244346095279	0.562383870087	4.49260677828
7.15	0.859215	-0.567283888889	0.453998611111	-0.209439510239	0.824183257886	3.78693353133
7.2	0.8305745	-0.521550555556	1.30795216049	-0.157079632679	0.989019909463	2.21398247707
7.25	0.805364	-0.4330375	2.06916867284	-0.10471975512	1.03750127757	0.662578697516
7.3	0.785813	-0.308223611111	2.66576635802	-0.0523598775598	1.03750127757	-0.667965516195
7.35	0.773465	-0.157017777778	3.0310507716	0	0.989019909463	-2.25169020782
7.4	0.769692	0.00552611111111	3.13543287037	0.0523598775598	0.824183257886	-3.97008536642
7.45	0.774151	0.165688055556	3.00093240741	0.0872664625997	0.552687596465	-4.96664682203
7.5	0.7866705	0.314416666667	2.63866512346	0.10471975512	0.31028075591	-5.51071550861
7.55	0.8065645	0.438468333333	2.05725895062	0.12217304764	0	-5.86085872275
7.6	0.8319465	0.526981388889	1.30477623457	0.10471975512	-0.31028075591	-5.51071550861
7.65	0.86093	0.573191111111	0.444576697531	0.0872664625997	-0.552687596465	-4.96664682203
7.7	0.891114	0.573000555556	-0.454475	0.0523598775598	-0.824183257886	-3.97008536642
7.75	0.9200975	0.526028611111	-1.31515092593	0	-0.989019909463	-2.2570770265
7.8	0.945308	0.437801388889	-2.08017854938	-0.0523598775598	-1.03750127757	-0.700286428269
7.85	0.9653735	0.312415833333	-2.69434969136	-0.10471975512	-1.03750127757	0.517134593184
7.9	0.9777215	0.158828055556	-3.07487854938	-0.157079632679	-0.998716183086	1.9230942684
7.95	0.981666	-0.00609777777778	-3.18635354938	-0.209439510239	-0.853272078753	3.45295077324
8	0.9770355	-0.169689722222	-3.04338395062	-0.244346095279	-0.649650332687	4.8481368111
8.05	0.964173	-0.319656944444	-2.66216697531	-0.279252680319	-0.349065850399	5.82315099199
8.1	0.9441075	-0.444756666667	-2.06154645062	-0.279252680319	-0.0290888208666	5.98475555236
8.15	0.918211	-0.532888611111	-1.28773209877	-0.279252680319	0.242406840555	6.0009160084
8.2	0.889056	-0.5770975	-0.420333796296	-0.261799387799	0.610865238198	5.16595911316
8.25	0.8587005	-0.575573055556	0.468502006173	-0.209439510239	0.814486984264	3.31828030626
8.3	0.829717	-0.528791666667	1.32055	-0.174532925199	0.901753446864	2.08469882877
8.35	0.8041635	-0.439992777778	2.07986095679	-0.12217304764	1.00841245671	1.0773637358
8.4	0.7842695	-0.314893055556	2.68593348765	-0.0698131700798	1.02780500395	-0.183151835086
8.45	0.7715785	-0.162734444444	3.07551373457	-0.0174532925199	0.998716183086	-1.59988514766
8.5	0.7674625	0.00304888888889	3.20800277778	0.0349065850399	0.862968352375	-2.97891072948
8.55	0.7719215	0.168260555556	3.0826595679	0.0698131700798	0.688435427176	-4.17478447622
8.6	0.784784	0.320895555556	2.71255833333	0.10471975512	0.465421133865	-5.62383870087
8.65	0.805021	0.448091388889	2.12257716049	0.12217304764	0.126051557088	-6.81971244761
8.7	0.8309175	0.540796666667	1.34511049383	0.12217304764	-0.290888208666	-6.52882423894
8.75	0.86093	0.588149722222	0.437907253086	0.0872664625997	-0.601168964576	-4.84274999242
8.8	0.8918	0.584910277778	-0.487875154321	0.0523598775598	-0.736916795286	-3.65226306436
8.85	0.9211265	0.536890277778	-1.35866111111	0.0174532925199	-0.911449720486	-3.27518575683
8.9	0.9471945	0.445709444444	-2.13395756173	-0.0349065850399	-1.12476774017	-1.85845244425
8.95	0.96726	0.316512777778	-2.73431342593	-0.10471975512	-1.15385656104	0.565615961294
9	0.9797795	0.162925	-3.1042558642	-0.157079632679	-1.03750127757	2.55873887252
9.05	0.984067	-0.00362055555556	-3.22652901235	-0.209439510239	-0.862968352375	3.88389626756
9.1	0.9794365	-0.170261388889	-3.08583549383	-0.244346095279	-0.649650332687	4.99358091543
9.15	0.9664025	-0.321657777778	-2.70509490741	-0.279252680319	-0.349065850399	5.71541461841
9.2	0.946337	-0.448853611111	-2.11712515432	-0.279252680319	-0.0387850944888	5.69925416238
9.25	0.9200975	-0.540320277778	-1.35590864198	-0.279252680319	0.213318019688	5.66154643162
9.3	0.8905995	-0.588816666667	-0.483799382716	-0.261799387799	0.523598775598	5.4891682339
9.35	0.8593865	-0.5908175	0.438912962963	-0.226892802759	0.814486984264	4.29868130584
9.4	0.8295455	-0.543750277778	1.33198333333	-0.174532925199	0.989019909463	2.40790794951
9.45	0.803306	-0.453331666667	2.11934830247	-0.12217304764	1.03750127757	0.737994159022
9.5	0.782726	-0.325373611111	2.74182978395	-0.0698131700798	1.03750127757	-0.474040043752
9.55	0.769692	-0.170451944444	3.1428433642	-0.0174532925199	0.998716183086	-1.73994243332
9.6	0.7650615	-0.000476388888889	3.2799904321	0.0349065850399	0.862968352375	-2.97352391081
9.65	0.769692	0.168736944444	3.14056728395	0.0698131700798	0.688435427176	-4.00240627849
9.7	0.7825545	0.323086944444	2.7566507716	0.10471975512	0.475117407487	-5.18750638787
9.75	0.802963	0.452569444444	2.16351484568	0.12217304764	0.164836651577	-6.17760366107
9.8	0.8292025	0.546513333333	1.40750155864	0.12217304764	-0.174532925199	-6.44209645821
9.85	0.8593865	0.596057777778	0.606342484568	0.10471975512	-0.513902501976	-5.85924267714
9.9	0.890771	0.601050333333	-0.0235494907405	0.0698131700798	-0.802851455917	-4.47159818543
9.95	0.920955	0.576954583333	-0.350548117284	0.0174532925199	-0.964779225408	-2.97783336575
10	0.947366	0.550515	-0.483450030864	-0.0349065850399	-1.02780500395	-1.95110572553
