Vernier Format 2
Untitled.cmbl 9/26/2024 12:17:32 .
Run 1
Time	Radiation
t	Rad
s	Counts

0.05	4
0.1	3
0.15	7
0.2	0
0.25	8
0.3	4
0.35	2
0.4	6
0.45	2
0.5	2
0.55	5
0.6	3
0.65	2
0.7	4
0.75	3
0.8	2
0.85	4
0.9	3
0.95	2
1	4
1.05	5
1.1	1
1.15	2
1.2	3
1.25	3
1.3	5
1.35	7
1.4	4
1.45	3
1.5	2
1.55	3
1.6	4
1.65	7
1.7	1
1.75	0
1.8	2
1.85	2
1.9	3
1.95	4
2	4
2.05	1
2.1	4
2.15	3
2.2	4
2.25	5
2.3	4
2.35	5
2.4	5
2.45	5
2.5	5
2.55	2
2.6	2
2.65	6
2.7	6
2.75	8
2.8	3
2.85	4
2.9	4
2.95	1
3	2
3.05	5
3.1	5
3.15	4
3.2	2
3.25	5
3.3	9
3.35	2
3.4	2
3.45	4
3.5	3
3.55	2
3.6	4
3.65	6
3.7	5
3.75	4
3.8	4
3.85	1
3.9	3
3.95	6
4	8
4.05	3
4.1	6
4.15	3
4.2	4
4.25	2
4.3	1
4.35	6
4.4	7
4.45	4
4.5	8
4.55	5
4.6	6
4.65	3
4.7	2
4.75	3
4.8	5
4.85	4
4.9	4
4.95	3
5	2
5.05	6
5.1	2
5.15	3
5.2	5
5.25	5
5.3	3
5.35	2
5.4	6
5.45	5
5.5	3
5.55	2
5.6	3
5.65	6
5.7	3
5.75	2
5.8	7
5.85	2
5.9	2
5.95	3
6	2
6.05	5
6.1	3
6.15	2
6.2	5
6.25	2
6.3	1
6.35	3
6.4	2
6.45	3
6.5	5
6.55	6
6.6	5
6.65	4
6.7	5
6.75	3
6.8	8
6.85	4
6.9	2
6.95	5
7	3
7.05	4
7.1	3
7.15	4
7.2	6
7.25	6
7.3	3
7.35	4
7.4	2
7.45	5
7.5	5
7.55	4
7.6	5
7.65	3
7.7	2
7.75	4
7.8	4
7.85	1
7.9	2
7.95	1
8	4
8.05	3
8.1	4
8.15	1
8.2	6
8.25	3
8.3	4
8.35	5
8.4	4
8.45	6
8.5	2
8.55	3
8.6	6
8.65	4
8.7	5
8.75	2
8.8	0
8.85	3
8.9	5
8.95	5
9	4
9.05	4
9.1	3
9.15	3
9.2	5
9.25	2
9.3	7
9.35	3
9.4	4
9.45	3
9.5	1
9.55	4
9.6	4
9.65	1
9.7	2
9.75	4
9.8	1
9.85	5
9.9	6
9.95	3
10	2
10.05	1
10.1	4
10.15	3
10.2	3
10.25	2
10.3	8
10.35	2
10.4	4
10.45	2
10.5	5
10.55	4
10.6	3
10.65	5
10.7	3
10.75	4
10.8	2
10.85	4
10.9	3
10.95	2
11	3
11.05	4
11.1	4
11.15	5
11.2	3
11.25	4
11.3	4
11.35	3
11.4	12
11.45	2
11.5	6
11.55	1
11.6	5
11.65	2
11.7	7
11.75	4
11.8	4
11.85	5
11.9	3
11.95	3
12	1
12.05	3
12.1	2
12.15	6
12.2	6
12.25	6
12.3	5
12.35	4
12.4	3
12.45	3
12.5	3
12.55	3
12.6	7
12.65	3
12.7	6
12.75	5
12.8	5
12.85	5
12.9	2
12.95	3
13	1
13.05	5
13.1	2
13.15	2
13.2	2
13.25	4
13.3	4
13.35	5
13.4	0
13.45	4
13.5	3
13.55	7
13.6	2
13.65	6
13.7	5
13.75	7
13.8	3
13.85	3
13.9	5
13.95	6
14	6
14.05	4
14.1	3
14.15	3
14.2	2
14.25	2
14.3	2
14.35	1
14.4	4
14.45	6
14.5	4
14.55	3
14.6	3
14.65	5
14.7	7
14.75	5
14.8	2
14.85	2
14.9	2
14.95	9
15	3
15.05	4
15.1	5
15.15	5
15.2	5
15.25	3
15.3	5
15.35	4
15.4	5
15.45	8
15.5	5
15.55	7
15.6	5
15.65	7
15.7	3
15.75	0
15.8	1
15.85	4
15.9	6
15.95	1
16	1
16.05	1
16.1	5
16.15	8
16.2	3
16.25	4
16.3	7
16.35	6
16.4	3
16.45	1
16.5	3
16.55	3
16.6	3
16.65	5
16.7	4
16.75	5
16.8	2
16.85	2
16.9	5
16.95	1
17	2
17.05	5
17.1	2
17.15	6
17.2	4
17.25	1
17.3	2
17.35	4
17.4	3
17.45	2
17.5	4
17.55	3
17.6	4
17.65	3
17.7	4
17.75	7
17.8	7
17.85	3
17.9	7
17.95	4
18	5
18.05	3
18.1	3
18.15	3
18.2	4
18.25	7
18.3	2
18.35	3
18.4	1
18.45	1
18.5	7
18.55	4
18.6	2
18.65	3
18.7	2
18.75	6
18.8	3
18.85	2
18.9	7
18.95	1
19	3
19.05	5
19.1	3
19.15	4
19.2	1
19.25	1
19.3	4
19.35	3
19.4	3
19.45	3
19.5	5
19.55	6
19.6	3
19.65	3
19.7	3
19.75	2
19.8	2
19.85	2
19.9	6
19.95	4
20	2
20.05	5
20.1	3
20.15	3
20.2	3
20.25	5
20.3	3
20.35	6
20.4	3
20.45	4
20.5	1
20.55	2
20.6	5
20.65	4
20.7	5
20.75	4
20.8	6
20.85	4
20.9	3
20.95	2
21	3
21.05	2
21.1	3
21.15	6
21.2	4
21.25	1
21.3	5
21.35	5
21.4	1
21.45	4
21.5	2
21.55	2
21.6	5
21.65	4
21.7	4
21.75	1
21.8	6
21.85	3
21.9	0
21.95	7
22	3
22.05	4
22.1	3
22.15	3
22.2	5
22.25	3
22.3	6
22.35	4
22.4	2
22.45	6
22.5	2
22.55	5
22.6	1
22.65	2
22.7	3
22.75	5
22.8	5
22.85	3
22.9	3
22.95	6
23	4
23.05	4
23.1	2
23.15	2
23.2	4
23.25	4
23.3	2
23.35	4
23.4	6
23.45	3
23.5	0
23.55	4
23.6	3
23.65	6
23.7	3
23.75	3
23.8	4
23.85	1
23.9	3
23.95	5
24	5
24.05	1
24.1	2
24.15	4
24.2	2
24.25	6
24.3	3
24.35	6
24.4	7
24.45	4
24.5	5
24.55	3
24.6	4
24.65	2
24.7	1
24.75	5
24.8	5
24.85	2
24.9	5
24.95	4
25	6
25.05	6
25.1	3
25.15	4
25.2	5
25.25	1
25.3	2
25.35	0
25.4	4
25.45	2
25.5	2
25.55	6
25.6	1
25.65	1
25.7	2
25.75	3
25.8	3
25.85	4
25.9	5
25.95	5
26	7
26.05	1
26.1	4
26.15	3
26.2	6
26.25	6
26.3	2
26.35	1
26.4	4
26.45	4
26.5	2
26.55	2
26.6	2
26.65	6
26.7	1
26.75	4
26.8	2
26.85	2
26.9	1
26.95	8
27	2
27.05	6
27.1	5
27.15	5
27.2	5
27.25	5
27.3	4
27.35	4
27.4	5
27.45	4
27.5	1
27.55	0
27.6	8
27.65	5
27.7	1
27.75	3
27.8	5
27.85	3
27.9	5
27.95	6
28	3
28.05	6
28.1	6
28.15	5
28.2	3
28.25	3
28.3	3
28.35	3
28.4	4
28.45	8
28.5	5
28.55	3
28.6	1
28.65	6
28.7	3
28.75	4
28.8	2
28.85	7
28.9	2
28.95	3
29	3
29.05	1
29.1	5
29.15	4
29.2	2
29.25	6
29.3	2
29.35	4
29.4	3
29.45	7
29.5	3
29.55	5
29.6	0
29.65	8
29.7	1
29.75	4
29.8	2
29.85	4
29.9	5
29.95	5
30	4
30.05	5
30.1	7
30.15	5
30.2	7
30.25	7
30.3	1
30.35	3
30.4	4
30.45	3
30.5	3
30.55	5
30.6	3
30.65	5
30.7	4
30.75	3
30.8	4
30.85	3
30.9	3
30.95	2
31	7
31.05	8
31.1	3
31.15	5
31.2	3
31.25	2
31.3	2
31.35	3
31.4	4
31.45	4
31.5	5
31.55	6
31.6	2
31.65	5
31.7	3
31.75	3
31.8	5
31.85	3
31.9	3
31.95	6
32	4
32.05	6
32.1	5
32.15	5
32.2	3
32.25	4
32.3	1
32.35	4
32.4	3
32.45	5
32.5	6
32.55	4
32.6	4
32.65	4
32.7	5
32.75	7
32.8	3
32.85	3
32.9	3
32.95	2
33	2
33.05	3
33.1	1
33.15	1
33.2	4
33.25	3
33.3	4
33.35	2
33.4	4
33.45	5
33.5	3
33.55	3
33.6	4
33.65	1
33.7	6
33.75	1
33.8	1
33.85	1
33.9	1
33.95	7
34	2
34.05	7
34.1	2
34.15	2
34.2	4
34.25	4
34.3	4
34.35	5
34.4	4
34.45	7
34.5	5
34.55	3
34.6	0
34.65	1
34.7	2
34.75	6
34.8	1
34.85	3
34.9	2
34.95	6
35	1
35.05	2
35.1	3
35.15	4
35.2	5
35.25	4
35.3	2
35.35	1
35.4	2
35.45	4
35.5	4
35.55	1
35.6	3
35.65	4
35.7	3
35.75	3
35.8	2
35.85	2
35.9	4
35.95	6
36	2
36.05	4
36.1	4
36.15	4
36.2	5
36.25	3
36.3	2
36.35	2
36.4	3
36.45	3
36.5	2
36.55	1
36.6	7
36.65	3
36.7	1
36.75	4
36.8	6
36.85	7
36.9	3
36.95	3
37	2
37.05	4
37.1	2
37.15	3
37.2	1
37.25	2
37.3	2
37.35	2
37.4	3
37.45	4
37.5	4
37.55	3
37.6	1
37.65	2
37.7	3
37.75	1
37.8	4
37.85	7
37.9	4
37.95	1
38	3
38.05	6
38.1	3
38.15	5
38.2	5
38.25	6
38.3	6
38.35	2
38.4	4
38.45	6
38.5	6
38.55	4
38.6	1
38.65	1
38.7	2
38.75	3
38.8	10
38.85	1
38.9	3
38.95	6
39	6
39.05	3
39.1	2
39.15	5
39.2	3
39.25	7
39.3	4
39.35	1
39.4	4
39.45	5
39.5	3
39.55	0
39.6	4
39.65	4
39.7	3
39.75	2
39.8	6
39.85	6
39.9	5
39.95	0
40	2
40.05	5
40.1	10
40.15	5
40.2	3
40.25	3
40.3	3
40.35	2
40.4	5
40.45	4
40.5	1
40.55	7
40.6	8
40.65	5
40.7	4
40.75	5
40.8	4
40.85	4
40.9	4
40.95	7
41	1
41.05	2
41.1	3
41.15	4
41.2	7
41.25	4
41.3	3
41.35	7
41.4	4
41.45	6
41.5	5
41.55	6
41.6	4
41.65	0
41.7	1
41.75	4
41.8	6
41.85	3
41.9	2
41.95	5
42	3
42.05	8
42.1	5
42.15	3
42.2	3
42.25	3
42.3	3
42.35	5
42.4	3
42.45	5
42.5	1
42.55	4
42.6	6
42.65	4
42.7	7
42.75	3
42.8	3
42.85	1
42.9	3
42.95	3
43	1
43.05	1
43.1	4
43.15	3
43.2	1
43.25	3
43.3	1
43.35	5
43.4	3
43.45	1
43.5	5
43.55	3
43.6	3
43.65	4
43.7	2
43.75	3
43.8	7
43.85	2
43.9	3
43.95	2
44	2
44.05	2
44.1	2
44.15	4
44.2	2
44.25	6
44.3	1
44.35	2
44.4	3
44.45	3
44.5	2
44.55	4
44.6	9
44.65	2
44.7	1
44.75	4
44.8	5
44.85	8
44.9	2
44.95	3
45	2
45.05	2
45.1	4
45.15	5
45.2	7
45.25	4
45.3	5
45.35	4
45.4	4
45.45	5
45.5	3
45.55	4
45.6	2
45.65	2
45.7	8
45.75	8
45.8	1
45.85	4
45.9	3
45.95	2
46	3
46.05	1
46.1	6
46.15	2
46.2	6
46.25	4
46.3	4
46.35	5
46.4	2
46.45	5
46.5	4
46.55	5
46.6	2
46.65	3
46.7	3
46.75	1
46.8	5
46.85	5
46.9	5
46.95	4
47	4
47.05	1
47.1	8
47.15	7
47.2	7
47.25	4
47.3	4
47.35	7
47.4	4
47.45	3
47.5	6
47.55	3
47.6	2
47.65	4
47.7	2
47.75	3
47.8	2
47.85	5
47.9	6
47.95	3
48	3
48.05	3
48.1	2
48.15	6
48.2	3
48.25	5
48.3	3
48.35	4
48.4	6
48.45	5
48.5	3
48.55	1
48.6	1
48.65	2
48.7	2
48.75	4
48.8	1
48.85	5
48.9	5
48.95	3
49	8
49.05	2
49.1	3
49.15	1
49.2	1
49.25	4
49.3	1
49.35	1
49.4	2
49.45	4
49.5	6
49.55	5
49.6	0
49.65	6
49.7	5
49.75	3
49.8	3
49.85	1
49.9	2
49.95	4
50	2
50.05	2
50.1	5
50.15	2
50.2	3
50.25	5
50.3	2
50.35	4
50.4	8
50.45	4
50.5	0
50.55	2
50.6	6
50.65	4
50.7	3
50.75	2
50.8	5
50.85	3
50.9	3
50.95	5
51	3
51.05	2
51.1	4
51.15	5
51.2	1
51.25	1
51.3	5
51.35	3
51.4	6
51.45	5
51.5	4
51.55	1
51.6	3
51.65	1
51.7	1
51.75	0
51.8	9
51.85	4
51.9	2
51.95	8
52	6
52.05	4
52.1	9
52.15	2
52.2	3
52.25	4
52.3	2
52.35	2
52.4	0
52.45	4
52.5	7
52.55	1
52.6	3
52.65	1
52.7	3
52.75	4
52.8	5
52.85	4
52.9	1
52.95	5
53	6
53.05	4
53.1	4
53.15	0
53.2	3
53.25	5
53.3	1
53.35	2
53.4	5
53.45	3
53.5	2
53.55	3
53.6	5
53.65	1
53.7	4
53.75	6
53.8	3
53.85	7
53.9	5
53.95	1
54	1
54.05	0
54.1	3
54.15	5
54.2	6
54.25	3
54.3	4
54.35	5
54.4	4
54.45	5
54.5	4
54.55	5
54.6	8
54.65	4
54.7	6
54.75	5
54.8	1
54.85	2
54.9	4
54.95	2
55	3
55.05	4
55.1	6
55.15	4
55.2	1
55.25	7
55.3	6
55.35	3
55.4	3
55.45	5
55.5	1
55.55	6
55.6	4
55.65	4
55.7	1
55.75	5
55.8	5
55.85	6
55.9	3
55.95	4
56	3
56.05	5
56.1	3
56.15	3
56.2	4
56.25	3
56.3	5
56.35	5
56.4	7
56.45	3
56.5	4
56.55	4
56.6	4
56.65	3
56.7	3
56.75	3
56.8	8
56.85	3
56.9	4
56.95	4
57	4
57.05	2
57.1	4
57.15	6
57.2	2
57.25	4
57.3	5
57.35	5
57.4	2
57.45	8
57.5	2
57.55	3
57.6	2
57.65	5
57.7	3
57.75	2
57.8	4
57.85	6
57.9	2
57.95	5
58	1
58.05	6
58.1	1
58.15	3
58.2	3
58.25	4
58.3	7
58.35	1
58.4	1
58.45	6
58.5	4
58.55	2
58.6	4
58.65	2
58.7	5
58.75	2
58.8	5
58.85	4
58.9	4
58.95	1
59	5
59.05	4
59.1	7
59.15	3
59.2	4
59.25	4
59.3	7
59.35	2
59.4	6
59.45	4
59.5	3
59.55	1
59.6	8
59.65	2
59.7	1
59.75	2
59.8	3
59.85	2
59.9	4
59.95	3
60	2
