Vernier Format 2
Untitled.cmbl 9/26/2024 11:47:57 .
Latest
Time	Radiation
t	Rad
s	Counts

0.5	32
1	33
1.5	37
2	24
2.5	42
3	33
3.5	45
4	38
4.5	42
5	33
5.5	32
6	32
6.5	36
7	27
7.5	37
8	37
8.5	41
9	28
9.5	46
10	39
10.5	39
11	36
11.5	29
12	38
12.5	35
13	28
13.5	31
14	40
14.5	40
15	42
15.5	40
16	32
16.5	34
17	47
17.5	35
18	38
18.5	36
19	35
19.5	39
20	50
20.5	35
21	41
21.5	40
22	39
22.5	42
23	38
23.5	29
24	48
24.5	41
25	43
25.5	41
26	28
26.5	41
27	40
27.5	31
28	36
28.5	41
29	34
29.5	36
30	32
30.5	28
31	39
31.5	32
32	37
32.5	39
33	28
33.5	29
34	39
34.5	42
35	38
35.5	32
36	25
36.5	39
37	28
37.5	40
38	32
38.5	31
39	39
39.5	35
40	35
40.5	32
41	33
41.5	23
42	38
42.5	36
43	34
43.5	36
44	38
44.5	33
45	37
45.5	28
46	38
46.5	44
47	37
47.5	30
48	39
48.5	56
49	41
49.5	40
50	40
50.5	36
51	32
51.5	42
52	39
52.5	29
53	37
53.5	31
54	41
54.5	31
55	45
55.5	41
56	45
56.5	48
57	25
57.5	36
58	27
58.5	33
59	30
59.5	49
60	43
60.5	28
61	38
61.5	24
62	29
62.5	40
63	37
63.5	27
64	38
64.5	31
65	51
65.5	35
66	31
66.5	35
67	37
67.5	32
68	37
68.5	33
69	35
69.5	26
70	33
70.5	40
71	43
71.5	36
72	37
72.5	39
73	46
73.5	47
74	30
74.5	32
75	37
75.5	45
76	29
76.5	47
77	31
77.5	38
78	38
78.5	48
79	42
79.5	27
80	39
80.5	42
81	37
81.5	35
82	35
82.5	32
83	38
83.5	28
84	40
84.5	31
85	30
85.5	42
86	33
86.5	41
87	31
87.5	32
88	35
88.5	33
89	35
89.5	28
90	43
90.5	30
91	40
91.5	42
92	38
92.5	39
93	47
93.5	30
94	29
94.5	40
95	40
95.5	35
96	42
96.5	42
97	45
97.5	25
98	42
98.5	53
99	31
99.5	35
100	40
100.5	36
101	43
101.5	35
102	42
102.5	36
103	28
103.5	30
104	30
104.5	39
105	32
105.5	33
106	37
106.5	40
107	37
107.5	29
108	40
108.5	30
109	31
109.5	36
110	36
110.5	37
111	40
111.5	36
112	35
112.5	46
113	31
113.5	35
114	30
114.5	35
115	39
115.5	35
116	36
116.5	33
117	32
117.5	29
118	45
118.5	39
119	35
119.5	34
120	36
120.5	34
121	41
121.5	33
122	42
122.5	44
123	32
123.5	46
124	29
124.5	34
125	33
125.5	31
126	43
126.5	38
127	29
127.5	30
128	44
128.5	32
129	35
129.5	35
130	30
130.5	40
131	29
131.5	29
132	51
132.5	36
133	39
133.5	28
134	32
134.5	39
135	44
135.5	45
136	39
136.5	42
137	39
137.5	33
138	39
138.5	37
139	38
139.5	39
140	25
140.5	36
141	40
141.5	40
142	30
142.5	37
143	27
143.5	46
144	37
144.5	26
145	33
145.5	31
146	37
146.5	28
147	35
147.5	44
148	30
148.5	39
149	36
149.5	32
150	37
150.5	37
151	45
151.5	42
152	30
152.5	38
153	40
153.5	29
154	29
154.5	25
155	37
155.5	39
156	32
156.5	32
157	31
157.5	44
158	41
158.5	46
159	39
159.5	36
160	33
160.5	37
161	32
161.5	32
162	30
162.5	41
163	41
163.5	44
164	32
164.5	33
165	41
165.5	33
166	31
166.5	45
167	52
167.5	47
168	35
168.5	37
169	47
169.5	38
170	35
170.5	38
171	28
171.5	30
172	44
172.5	41
173	36
173.5	38
174	30
174.5	31
175	44
175.5	35
176	42
176.5	37
177	33
177.5	40
178	46
178.5	37
179	36
179.5	42
180	40
180.5	38
181	40
181.5	41
182	35
182.5	27
183	36
183.5	42
184	31
184.5	32
185	31
185.5	33
186	41
186.5	36
187	37
187.5	27
188	37
188.5	29
189	32
189.5	39
190	47
190.5	47
191	34
191.5	37
192	41
192.5	33
193	43
193.5	37
194	37
194.5	41
195	41
195.5	35
196	35
196.5	30
197	35
197.5	37
198	30
198.5	35
199	35
199.5	37
200	42
200.5	36
201	43
201.5	36
202	35
202.5	33
203	29
203.5	35
204	39
204.5	29
205	40
205.5	26
206	33
206.5	46
207	48
207.5	41
208	35
208.5	38
209	45
209.5	35
210	46
210.5	44
211	41
211.5	37
212	36
212.5	36
213	33
213.5	31
214	39
214.5	36
215	39
215.5	33
216	36
216.5	43
217	36
217.5	32
218	40
218.5	45
219	42
219.5	34
220	33
220.5	36
221	37
221.5	40
222	36
222.5	34
223	37
223.5	31
224	29
224.5	34
225	41
225.5	36
226	34
226.5	36
227	36
227.5	47
228	39
228.5	30
229	36
229.5	34
230	28
230.5	39
231	26
231.5	37
232	46
232.5	30
233	34
233.5	32
234	41
234.5	44
235	36
235.5	37
236	31
236.5	48
237	41
237.5	30
238	34
238.5	33
239	42
239.5	24
240	41
240.5	31
241	31
241.5	43
242	32
242.5	36
243	43
243.5	33
244	39
244.5	30
245	43
245.5	34
246	34
246.5	42
247	48
247.5	37
248	33
248.5	43
249	33
249.5	31
250	30
250.5	32
251	40
251.5	49
252	40
252.5	45
253	27
253.5	46
254	38
254.5	41
255	36
255.5	27
256	31
256.5	43
257	44
257.5	40
258	39
258.5	38
259	46
259.5	36
260	38
260.5	34
261	39
261.5	36
262	40
262.5	32
263	34
263.5	39
264	30
264.5	40
265	43
265.5	42
266	41
266.5	37
267	37
267.5	44
268	32
268.5	40
269	33
269.5	30
270	35
270.5	38
271	39
271.5	30
272	29
272.5	32
273	43
273.5	31
274	41
274.5	24
275	35
275.5	44
276	37
276.5	40
277	36
277.5	38
278	37
278.5	34
279	40
279.5	31
280	31
280.5	35
281	42
281.5	43
282	25
282.5	35
283	32
283.5	33
284	46
284.5	47
285	36
285.5	42
286	42
286.5	39
287	34
287.5	40
288	21
288.5	47
289	31
289.5	35
290	40
290.5	37
291	41
291.5	33
292	30
292.5	34
293	49
293.5	23
294	31
294.5	45
295	42
295.5	35
296	30
296.5	38
297	32
297.5	30
298	45
298.5	37
299	33
299.5	33
300	38
300.5	40
301	31
301.5	36
302	35
302.5	36
303	32
303.5	43
304	44
304.5	31
305	27
305.5	40
306	30
306.5	41
307	38
307.5	34
308	35
308.5	41
309	37
309.5	39
310	39
310.5	35
311	49
311.5	34
312	35
312.5	33
313	36
313.5	45
314	43
314.5	39
315	34
315.5	31
316	22
316.5	44
317	29
317.5	39
318	33
318.5	31
319	37
319.5	34
320	41
320.5	42
321	29
321.5	26
322	39
322.5	43
323	43
323.5	46
324	39
324.5	39
325	31
325.5	24
326	43
326.5	32
327	33
327.5	38
328	42
328.5	36
329	35
329.5	34
330	31
330.5	29
331	34
331.5	36
332	33
332.5	37
333	38
333.5	47
334	35
334.5	35
335	37
335.5	34
336	28
336.5	39
337	42
337.5	42
338	38
338.5	48
339	38
339.5	40
340	33
340.5	41
341	44
341.5	31
342	40
342.5	39
343	42
343.5	48
344	34
344.5	34
345	39
345.5	34
346	42
346.5	32
347	38
347.5	26
348	28
348.5	32
349	42
349.5	49
350	36
350.5	37
351	40
351.5	31
352	38
352.5	35
353	34
353.5	29
354	31
354.5	35
355	42
355.5	26
356	31
356.5	47
357	42
357.5	51
358	40
358.5	39
359	33
359.5	27
360	33
360.5	50
361	38
361.5	37
362	37
362.5	50
363	47
363.5	29
364	44
364.5	29
365	38
365.5	33
366	28
366.5	34
367	36
367.5	31
368	35
368.5	34
369	41
369.5	36
370	32
370.5	33
371	47
371.5	38
372	33
372.5	41
373	46
373.5	45
374	40
374.5	33
375	34
375.5	32
376	32
376.5	32
377	37
377.5	39
378	40
378.5	35
379	35
379.5	32
380	26
380.5	29
381	38
381.5	37
382	37
382.5	40
383	38
383.5	43
384	39
384.5	39
385	43
385.5	38
386	34
386.5	40
387	48
387.5	38
388	33
388.5	33
389	37
389.5	49
390	28
390.5	48
391	34
391.5	28
392	32
392.5	42
393	24
393.5	45
394	36
394.5	38
395	29
395.5	38
396	42
396.5	36
397	37
397.5	47
398	38
398.5	34
399	35
399.5	27
400	39
400.5	31
401	30
401.5	46
402	43
402.5	35
403	29
403.5	27
404	37
404.5	32
405	30
405.5	31
406	48
406.5	47
407	34
407.5	35
408	44
408.5	27
409	39
409.5	29
410	29
410.5	39
411	38
411.5	28
412	41
412.5	39
413	30
413.5	31
414	38
414.5	51
415	26
415.5	38
416	29
416.5	34
417	41
417.5	39
418	34
418.5	38
419	47
419.5	31
420	35
420.5	31
421	34
421.5	41
422	35
422.5	46
423	31
423.5	35
424	40
424.5	40
425	42
425.5	31
426	37
426.5	36
427	39
427.5	41
428	41
428.5	41
429	32
429.5	40
430	33
430.5	38
431	35
431.5	34
432	32
432.5	33
433	39
433.5	32
434	37
434.5	38
435	38
435.5	36
436	47
436.5	40
437	40
437.5	36
438	31
438.5	42
439	33
439.5	36
440	33
440.5	29
441	40
441.5	37
442	37
442.5	43
443	32
443.5	40
444	30
444.5	39
445	30
445.5	26
446	28
446.5	35
447	36
447.5	35
448	41
448.5	29
449	27
449.5	40
450	31
450.5	37
451	33
451.5	42
452	36
452.5	35
453	36
453.5	37
454	22
454.5	43
455	45
455.5	50
456	30
456.5	33
457	37
457.5	42
458	28
458.5	33
459	52
459.5	48
460	32
460.5	51
461	33
461.5	44
462	37
462.5	39
463	47
463.5	40
464	36
464.5	37
465	34
465.5	38
466	30
466.5	36
467	42
467.5	36
468	42
468.5	32
469	39
469.5	35
470	39
470.5	35
471	33
471.5	34
472	33
472.5	47
473	30
473.5	33
474	45
474.5	34
475	43
475.5	32
476	40
476.5	32
477	31
477.5	34
478	33
478.5	44
479	42
479.5	46
480	35
480.5	36
481	36
481.5	34
482	33
482.5	24
483	29
483.5	44
484	34
484.5	35
485	33
485.5	39
486	34
486.5	45
487	49
487.5	32
488	41
488.5	42
489	34
489.5	47
490	35
490.5	33
491	40
491.5	34
492	48
492.5	35
493	45
493.5	35
494	43
494.5	29
495	27
495.5	32
496	43
496.5	42
497	36
497.5	36
498	34
498.5	35
499	30
499.5	48
500	33
500.5	31
501	36
501.5	42
502	40
502.5	32
503	34
503.5	35
504	32
504.5	39
505	26
505.5	32
506	31
506.5	31
507	45
507.5	44
508	24
508.5	28
509	34
509.5	34
510	36
510.5	36
511	41
511.5	37
512	38
512.5	37
513	36
513.5	38
514	37
514.5	32
515	33
515.5	29
516	32
516.5	25
517	30
517.5	36
518	37
518.5	39
519	33
519.5	33
520	32
520.5	43
521	39
521.5	38
522	30
522.5	36
523	44
523.5	40
524	45
524.5	27
525	50
525.5	39
526	31
526.5	30
527	27
527.5	25
528	32
528.5	37
529	35
529.5	41
530	41
530.5	36
531	42
531.5	31
532	39
532.5	28
533	36
533.5	36
534	43
534.5	39
535	38
535.5	34
536	30
536.5	31
537	35
537.5	34
538	47
538.5	44
539	36
539.5	39
540	36
540.5	26
541	29
541.5	43
542	37
542.5	40
543	43
543.5	37
544	42
544.5	40
545	27
545.5	41
546	36
546.5	32
547	32
547.5	33
548	40
548.5	39
549	36
549.5	34
550	33
550.5	31
551	40
551.5	45
552	36
552.5	34
553	41
553.5	33
554	37
554.5	45
555	38
555.5	44
556	31
556.5	40
557	32
557.5	33
558	37
558.5	46
559	34
559.5	34
560	43
560.5	43
561	38
561.5	41
562	32
562.5	27
563	45
563.5	46
564	42
564.5	47
565	47
565.5	41
566	37
566.5	37
567	33
567.5	41
568	48
568.5	34
569	30
569.5	42
570	30
570.5	40
571	39
571.5	40
572	33
572.5	38
573	32
573.5	38
574	35
574.5	41
575	33
575.5	40
576	41
576.5	41
577	38
577.5	37
578	40
578.5	34
579	38
579.5	19
580	40
580.5	36
581	33
581.5	35
582	45
582.5	31
583	37
583.5	29
584	31
584.5	43
585	37
585.5	31
586	36
586.5	45
587	28
587.5	41
588	33
588.5	28
589	41
589.5	32
590	34
590.5	32
591	41
591.5	40
592	41
592.5	40
593	40
593.5	40
594	28
594.5	34
595	36
595.5	34
596	31
596.5	42
597	37
597.5	35
598	32
598.5	33
599	40
599.5	37
600	38
