Vernier Format 2
Untitled.cmbl 10/31/2024 11:40:53 .
Latest
Time	Position	Velocity 1	Acceleration 1	Angle 2	Velocity 2	Acceleration 2
t	x	v 1	acc 1	Angle 2	v 2	acc 2
s	m	m/s	m/s²	rad	rad/s	rad/s²

0.05	0.913066	-0.979646111111	0.810475123457	-0.0523598775598	-0.659346606309	3.28488203045
0.1	0.8635025	-0.952301388889	1.2517329784	-0.0872664625997	-0.547839459654	4.67414256776
0.15	0.814968	-0.8888845	1.99508490741	-0.12217304764	-0.273434916146	6.38822827142
0.2	0.77175	-0.768605833333	3.01451478395	-0.12217304764	0.135747830711	7.30075535564
0.25	0.735735	-0.584910277778	4.04105873457	-0.10471975512	0.513902501976	7.07881842607
0.3	0.7112105	-0.351575	4.7739142284	-0.0698131700798	0.862968352375	6.17437156986
0.35	0.6995485	-0.0914666666667	5.11572854938	-0.0174532925199	1.16355283466	4.52492769036
0.4	0.701778	0.176073333333	5.05025154321	0.0523598775598	1.33808575986	2.44022886158
0.45	0.7177275	0.429131111111	4.59238888889	0.12217304764	1.38656712797	0.662578697516
0.5	0.746025	0.648746388889	3.7945962963	0.191986217719	1.38656712797	-0.888825082034
0.55	0.7846125	0.819198333333	2.71065277778	0.261799387799	1.32838948624	-2.95736345477
0.6	0.8302315	0.9286725	1.39174367284	0.331612557879	1.12476774017	-5.52687596465
0.65	0.8799665	0.970404166667	-0.159431481481	0.383972435439	0.727220521664	-7.19678975514
0.7	0.9317595	0.912094166667	-1.68646959877	0.401425727959	0.349065850399	-7.72469798568
0.75	0.9739485	0.783373888889	-2.86097993827	0.418879020479	-0.0387850944888	-8.07484119981
0.8	1.0109925	0.618448055556	-3.82561450617	0.401425727959	-0.48481368111	-7.74624526039
0.85	1.038261	0.397498888889	-4.62965308642	0.366519142919	-0.853272078753	-6.55575833234
0.9	1.052324	0.140439444444	-5.07364753086	0.314159265359	-1.16355283466	-4.8212027177
0.95	1.052667	-0.127862777778	-5.08740987654	0.244346095279	-1.34778203348	-2.76343798232
1	1.0391185	-0.385493888889	-4.6731632716	0.174532925199	-1.41565594884	-1.00733509297
1.05	1.0127075	-0.609110833333	-3.90300123457	0.10471975512	-1.47383359057	1.21203420277
1.1	0.9763495	-0.785660555556	-2.86780817901	0.0174532925199	-1.32838948624	3.93237763567
1.15	0.931931	-0.9046625	-1.61411141975	-0.0349065850399	-1.03750127757	5.81237735464
1.2	0.8830535	-0.953063611111	-0.218715432099	-0.0872664625997	-0.698131700798	6.67426834327
1.25	0.8336615	-0.927243333333	1.19949429012	-0.10471975512	-0.349065850399	6.95976973326
1.3	0.787528	-0.829869444444	2.53751188272	-0.12217304764	0	7.11598747495
1.35	0.748083	-0.666944444444	3.70101234568	-0.10471975512	0.358762124021	7.21833702985
1.4	0.718585	-0.4484725	4.57693271605	-0.0872664625997	0.727220521664	7.00825110137
1.45	0.701778	-0.193604444444	5.06713688272	-0.0349065850399	1.12476774017	5.4891682339
1.5	0.698691	0.0752694444444	5.13494290123	0.0349065850399	1.32838948624	2.95197663609
1.55	0.709667	0.335758888889	4.80004151235	0.10471975512	1.38656712797	0.888825082034
1.6	0.733334	0.569189444444	4.10843070988	0.174532925199	1.38656712797	-0.667965516195
1.65	0.76832	0.758696944444	3.11007839506	0.244346095279	1.33808575986	-2.47254977366
1.7	0.811538	0.889418055556	1.87654876543	0.314159265359	1.16355283466	-4.67575861337
1.75	0.859901	0.9526825	0.486445987654	0.366519142919	0.853272078753	-6.51805060158
1.8	0.9098075	0.940582222222	-0.959076697531	0.401425727959	0.48481368111	-7.70315071096
1.85	0.95697	0.853498333333	-2.32514830247	0.418879020479	0.0387850944888	-7.89707618341
1.9	0.997787	0.699910555556	-3.49558287037	0.401425727959	-0.339369576777	-7.28836567268
1.95	1.029	0.493538888889	-4.40035123457	0.383972435439	-0.688435427176	-6.56653196969
2	1.0487225	0.247626944444	-4.98281604938	0.331612557879	-1.00841245671	-5.51071550861
2.05	1.054725	-0.0208658333333	-5.16289104938	0.279252680319	-1.24112302364	-4.26097357508
2.1	1.046493	-0.286405	-4.90849938272	0.209439510239	-1.47383359057	-2.19243520235
2.15	1.0250555	-0.526981388889	-4.26796805556	0.12217304764	-1.50292241144	0.678739153553
2.2	0.9921275	-0.725445	-3.31180262346	0.0523598775598	-1.37687085435	3.06509982835
2.25	0.9502815	-0.867504166667	-2.11585478395	-0.0174532925199	-1.17324910829	4.92893909128
2.3	0.902776	-0.943440555556	-0.759099228395	-0.0698131700798	-0.862968352375	6.22177557424
2.35	0.853041	-0.946298888889	0.665885802469	-0.10471975512	-0.523598775598	6.92744882119
2.4	0.8051925	-0.875031111111	2.04444938272	-0.12217304764	-0.164836651577	7.40687568362
2.45	0.762832	-0.735449166667	3.26379320988	-0.12217304764	0.213318019688	7.74085844172
2.5	0.7293895	-0.538700555556	4.2315507716	-0.10471975512	0.649650332687	7.19678975514
2.55	0.707266	-0.299362777778	4.87224089506	-0.0523598775598	0.989019909463	5.51610232729
2.6	0.6985195	-0.0363961111111	5.13245509259	0	1.20233792915	3.6684235204
2.65	0.703493	0.22981	4.99149691358	0.0698131700798	1.34778203348	1.92848108708
2.7	0.7221865	0.478485	4.45825895062	0.13962634016	1.38656712797	0.328595939419
2.75	0.752885	0.688858333333	3.59207808642	0.209439510239	1.37687085435	-1.25512875221
2.8	0.7931875	0.847400555556	2.46049567901	0.279252680319	1.29930066537	-3.48527168531
2.85	0.840007	0.942678333333	1.11850817901	0.349065850399	1.02780500395	-5.67770688766
2.9	0.8899135	0.970499444444	-0.437060339506	0.383972435439	0.688435427176	-7.02979837609
2.95	0.941535	0.898278888889	-1.96240462963	0.418879020479	0.31028075591	-7.89707618341
3	0.9825235	0.755648055556	-3.12394660494	0.418879020479	-0.135747830711	-7.96171800755
3.05	1.018024	0.577002222222	-4.04501805556	0.401425727959	-0.513902501976	-7.40148886494
3.1	1.0425485	0.345763055556	-4.76309490741	0.366519142919	-0.872664625997	-6.6688815246
3.15	1.0538675	0.0852736111111	-5.1105412037	0.314159265359	-1.20233792915	-5.3329504922
3.2	1.051295	-0.182552222222	-5.04008858025	0.244346095279	-1.46413731695	-2.89272163062
3.25	1.0350025	-0.435133611111	-4.55586574074	0.157079632679	-1.51261868506	0.010773637358
3.3	1.006362	-0.652081111111	-3.71795061728	0.0872664625997	-1.41565594884	2.17627474631
3.35	0.9677745	-0.817959722222	-2.60145385802	0.0174532925199	-1.29930066537	4.24481311905
3.4	0.921984	-0.919335277778	-1.30186496914	-0.0523598775598	-0.998716183086	6.20022829952
3.45	0.8731065	-0.951253333333	0.0834209876543	-0.0872664625997	-0.601168964576	6.7442969861
3.5	0.8240575	-0.9115225	1.47834058642	-0.10471975512	-0.31028075591	6.91667518383
3.55	0.7791245	-0.800523888889	2.78983919753	-0.12217304764	0.048481368111	7.60080115606
3.6	0.7413945	-0.624545833333	3.89707283951	-0.10471975512	0.48481368111	7.55770660663
3.65	0.7146405	-0.39788	4.68544351852	-0.0698131700798	0.853272078753	6.48572968951
3.7	0.700406	-0.140534722222	5.09111512346	-0.0174532925199	1.16355283466	4.66498497601
3.75	0.7002345	0.126719444444	5.10148981481	0.0523598775598	1.33808575986	2.44022886158
3.8	0.71344	0.384445833333	4.72673055556	0.12217304764	1.38656712797	0.522521411863
3.85	0.7396795	0.615113333333	3.96509058642	0.191986217719	1.37687085435	-1.1797132907
3.9	0.7770665	0.794330833333	2.87585385802	0.261799387799	1.29930066537	-3.29134621287
3.95	0.8216565	0.910093333333	1.58531635802	0.331612557879	1.03750127757	-5.16595911316
4	0.8707055	0.957541666667	0.17494058642	0.366519142919	0.727220521664	-6.03323692047
4.05	0.9204405	0.929148888889	-1.26423024691	0.401425727959	0.446028586621	-6.92744882119
4.1	0.966574	0.827011111111	-2.60219490741	0.418879020479	0.0290888208666	-7.60080115606
4.15	1.005676	0.660465555556	-3.7303367284	0.401425727959	-0.349065850399	-7.54693296927
4.2	1.0346595	0.442374722222	-4.56375262346	0.383972435439	-0.727220521664	-7.19140293646
4.25	1.051295	0.189793333333	-5.03675385802	0.331612557879	-1.12476774017	-5.6669332503
4.3	1.0542105	-0.0772702777778	-5.1107	0.261799387799	-1.33808575986	-3.24825166343
4.35	1.0432345	-0.336711666667	-4.79173117284	0.191986217719	-1.41565594884	-1.22819465881
4.4	1.0195675	-0.570809166667	-4.10710740741	0.12217304764	-1.47383359057	0.985787818256
4.45	0.98441	-0.760697777778	-3.09520447531	0.0349065850399	-1.33808575986	3.42062986116
4.5	0.9410205	-0.889418055556	-1.85114135802	-0.0174532925199	-1.07628637206	4.85352362977
4.55	0.892829	-0.950681666667	-0.476547685185	-0.0698131700798	-0.833879531508	5.88779281614
4.6	0.843094	-0.939248333333	0.947431635802	-0.10471975512	-0.504206228354	7.07289292552
4.65	0.7959315	-0.853593611111	2.31016851852	-0.12217304764	-0.126051557088	8.06945438113
4.7	0.7551145	-0.701435	3.50241111111	-0.12217304764	0.339369576777	8.19873802943
4.75	0.7235585	-0.4930625	4.43052253086	-0.0872664625997	0.775701889775	6.70120243667
4.8	0.704179	-0.244292222222	5.0035125	-0.0349065850399	1.02780500395	4.69730588808
4.85	0.698348	0.02401	5.1619912037	0.0174532925199	1.21203420277	3.16206256457
4.9	0.7067515	0.288596388889	4.90373549383	0.0872664625997	1.34778203348	1.59449832898
4.95	0.728189	0.528982222222	4.27304953704	0.157079632679	1.37687085435	-0.037707730753
5	0.7612885	0.7280175	3.32847623457	0.226892802759	1.34778203348	-1.78303698275
5.05	0.8031345	0.871982222222	2.12765864198	0.296705972839	1.20233792915	-3.641489427
5.1	0.8511545	0.948490277778	0.742531481481	0.349065850399	0.989019909463	-5.54842323936
5.15	0.901061	0.948585555556	-0.701773765432	0.401425727959	0.649650332687	-7.37994159022
5.2	0.9489095	0.875316944444	-2.07822006173	0.418879020479	0.203621746066	-8.21489848547
5.25	0.99127	0.734210555556	-3.29174135802	0.418879020479	-0.203621746066	-8.22028530415
5.3	1.024541	0.536699722222	-4.26209259259	0.401425727959	-0.649650332687	-7.41764932098
5.35	1.0466645	0.295932777778	-4.9177095679	0.349065850399	-0.989019909463	-5.73157507445
5.4	1.0552395	0.0288691666667	-5.17268348765	0.296705972839	-1.21203420277	-4.11014265207
5.45	1.04958	-0.239337777778	-4.98826805556	0.226892802759	-1.38656712797	-2.55335205384
5.5	1.030372	-0.485440277778	-4.41226095679	0.157079632679	-1.50292241144	-0.312435483382
5.55	0.999502	-0.692764722222	-3.51754969136	0.0698131700798	-1.46413731695	2.70418297686
5.6	0.959028	-0.847305277778	-2.36410632716	0	-1.20233792915	5.08515683297
5.65	0.9122085	-0.936771111111	-1.02307160494	-0.0523598775598	-0.882360899619	6.03862373915
5.7	0.8624735	-0.953635277778	0.411811728395	-0.0872664625997	-0.562383870087	6.25948330499
5.75	0.8137675	-0.894086666667	1.81207746914	-0.10471975512	-0.290888208666	6.9489960959
5.8	0.770378	-0.766033333333	3.05931651235	-0.12217304764	0.0872664625997	8.23644576018
5.85	0.7348775	-0.579479444444	4.08127654321	-0.10471975512	0.610865238198	8.01019937567
5.9	0.7105245	-0.345858333333	4.79511882716	-0.0523598775598	0.979323635841	5.98475555236
5.95	0.6992055	-0.0847972222222	5.13028487654	0	1.20233792915	3.81925444341
6	0.701778	0.183219166667	5.06083796296	0.0698131700798	1.34778203348	1.8207447135
6.05	0.7180705	0.437229722222	4.59037746914	0.13962634016	1.37687085435	0.043094549432
6.1	0.7468825	0.656654444444	3.75886712963	0.209439510239	1.34778203348	-1.59449832898
6.15	0.785813	0.824248055556	2.6409412037	0.279252680319	1.21203420277	-3.16206256457
6.2	0.831775	0.928767777778	1.3163683642	0.331612557879	1.02780500395	-4.69730588808
6.25	0.88151	0.961352777778	-0.135559104938	0.383972435439	0.775701889775	-6.70658925535
6.3	0.9310735	0.915524166667	-1.58870401235	0.418879020479	0.339369576777	-8.2310589415
6.35	0.9760065	0.796141111111	-2.89273919753	0.418879020479	-0.126051557088	-8.21489848547
6.4	1.0130505	0.616161388889	-3.94958148148	0.401425727959	-0.513902501976	-7.36378113419
6.45	1.0394615	0.389305	-4.70185246914	0.366519142919	-0.862968352375	-6.22716239292
6.5	1.0531815	0.132245555556	-5.10000771605	0.314159265359	-1.16355283466	-4.52492769036
6.55	1.0531815	-0.136533055556	-5.0978904321	0.244346095279	-1.33808575986	-2.40790794951
6.6	1.0391185	-0.394545277778	-4.67702731481	0.174532925199	-1.38656712797	-0.517134593184
6.65	1.0123645	-0.619210277778	-3.88500432099	0.10471975512	-1.37687085435	1.1797132907
6.7	0.975149	-0.793378055556	-2.82059274691	0.0349065850399	-1.29930066537	3.29673303154
6.75	0.9307305	-0.908378333333	-1.5651492284	-0.0349065850399	-1.03750127757	5.19828002523
6.8	0.8816815	-0.955731388889	-0.172135185185	-0.0698131700798	-0.727220521664	6.17868102481
6.85	0.832118	-0.927529166667	1.26020740741	-0.10471975512	-0.436332312999	7.21833702985
6.9	0.7859845	-0.825677222222	2.59758981481	-0.12217304764	0	7.94017073284
6.95	0.747054	-0.659798611111	3.73520648148	-0.10471975512	0.436332312999	7.21833702985
7	0.717899	-0.441231388889	4.59085385802	-0.0698131700798	0.727220521664	6.17868102481
7.05	0.701435	-0.185791666667	5.07555308642	-0.0349065850399	1.03750127757	5.19828002523
7.1	0.6988625	0.0824152777778	5.15511003086	0.0349065850399	1.29930066537	3.29673303154
7.15	0.7098385	0.345667777778	4.82947175926	0.10471975512	1.37687085435	1.1797132907
7.2	0.7345345	0.581099166667	4.11335339506	0.174532925199	1.38656712797	-0.517134593184
7.25	0.7698635	0.769272777778	3.08387700617	0.244346095279	1.33808575986	-2.40252113083
7.3	0.8137675	0.898469444444	1.8222933642	0.314159265359	1.16355283466	-4.4872199596
7.35	0.8624735	0.957636944444	0.411070679012	0.366519142919	0.862968352375	-6.04401055783
7.4	0.9125515	0.941153888889	-1.03699274691	0.401425727959	0.523598775598	-6.89512790911
7.45	0.9595425	0.850354166667	-2.39771820988	0.418879020479	0.164836651577	-7.43919659569
7.5	1.000188	0.693622222222	-3.56391820988	0.418879020479	-0.213318019688	-7.9240102768
7.55	1.031058	0.4827725	-4.44820185185	0.401425727959	-0.659346606309	-7.67082979889
7.6	1.049923	0.234955	-4.98461574074	0.349065850399	-1.02780500395	-6.32412512914
7.65	1.0552395	-0.0305841666667	-5.14124182099	0.296705972839	-1.32838948624	-4.12630310811
7.7	1.046836	-0.294789444444	-4.90119475309	0.209439510239	-1.47383359057	-1.28744966428
7.75	1.024884	-0.536509166667	-4.26886790123	0.13962634016	-1.41565594884	0.813409620528
7.8	0.9914415	-0.735068055556	-3.3014279321	0.0698131700798	-1.35747830711	2.2570770265
7.85	0.949081	-0.875983888889	-2.09129429012	0	-1.20233792915	3.85696217416
7.9	0.9012325	-0.950300555556	-0.723687654321	-0.0523598775598	-0.989019909463	5.73157507445
7.95	0.8511545	-0.951348611111	0.715694907407	-0.10471975512	-0.639954059065	7.67621661757
8	0.8031345	-0.877508333333	2.1179720679	-0.12217304764	-0.174532925199	8.55426806224
8.05	0.7606025	-0.733543611111	3.36319969136	-0.12217304764	0.290888208666	7.89707618341
8.1	0.7273315	-0.529268055556	4.31910046296	-0.0872664625997	0.649650332687	6.4372483214
8.15	0.706237	-0.286976666667	4.91463950617	-0.0523598775598	0.901753446864	5.40836595371
8.2	0.6978335	-0.0238194444444	5.14537052469	0	1.18294538191	4.45489904753
8.25	0.7036645	0.242863055556	4.98556851852	0.0698131700798	1.37687085435	2.88194799326
8.3	0.7228725	0.490585277778	4.43226929012	0.13962634016	1.50292241144	0.635644604121
8.35	0.754257	0.700005833333	3.52972407407	0.226892802759	1.47383359057	-2.23552975178
8.4	0.795074	0.854165277778	2.35531959877	0.296705972839	1.24112302364	-4.44412541017
8.45	0.8422365	0.942868888889	0.996446759259	0.349065850399	0.998716183086	-5.98475555236
8.5	0.8923145	0.957446388889	-0.449128858025	0.401425727959	0.649650332687	-7.37994159022
8.55	0.9410205	0.8960875	-1.85362916667	0.418879020479	0.213318019688	-7.77856617247
8.6	0.9845815	0.766414444444	-3.11632438272	0.418879020479	-0.164836651577	-7.4122625023
8.65	1.020082	0.575858888889	-4.15209969136	0.401425727959	-0.523598775598	-6.92744882119
8.7	1.044092	0.337950277778	-4.85503796296	0.366519142919	-0.862968352375	-6.22177557424
8.75	1.0548965	0.0740308333333	-5.15463364198	0.314159265359	-1.17324910829	-4.92893909128
8.8	1.051638	-0.193985555556	-5.04040617284	0.244346095279	-1.37687085435	-3.06509982835
8.85	1.034831	-0.445328333333	-4.53808055556	0.174532925199	-1.50292241144	-0.678739153553
8.9	1.005676	-0.660941944444	-3.69953024691	0.0872664625997	-1.47383359057	2.19243520235
8.95	0.9667455	-0.825963055556	-2.58689753086	0.0174532925199	-1.24112302364	4.26097357508
9	0.920612	-0.928005555556	-1.26724737654	-0.0349065850399	-1.00841245671	5.51071550861
9.05	0.8710485	-0.957351111111	0.162819135802	-0.0872664625997	-0.688435427176	6.56114515102
9.1	0.821828	-0.910760277778	1.5735654321	-0.10471975512	-0.339369576777	7.25604476061
9.15	0.777238	-0.794426111111	2.8511875	-0.12217304764	0.0387850944888	7.75163207907
9.2	0.7400225	-0.617685833333	3.92105108025	-0.10471975512	0.475117407487	7.4122625023
9.25	0.71344	-0.390829444444	4.69698271605	-0.0698131700798	0.824183257886	6.17868102481
9.3	0.69972	-0.133103055556	5.1019662037	-0.0174532925199	1.07628637206	4.99896773411
9.35	0.69972	0.135199166667	5.10736527778	0.0349065850399	1.33808575986	3.45833759191
9.4	0.7136115	0.393687777778	4.70973935185	0.12217304764	1.47383359057	1.02888236769
9.45	0.7403655	0.620734722222	3.94397067901	0.191986217719	1.41565594884	-1.04504282372
9.5	0.777581	0.799761666667	2.87601265432	0.261799387799	1.34778203348	-2.768824801
9.55	0.8226855	0.918287222222	1.56398472222	0.331612557879	1.16355283466	-4.8212027177
9.6	0.8724205	0.962115	0.110786882716	0.383972435439	0.853272078753	-6.55575833234
9.65	0.921984	0.928767777778	-1.33505339506	0.418879020479	0.48481368111	-7.74624526039
9.7	0.9681175	0.823581111111	-2.65967916667	0.436332312999	0.0387850944888	-8.07484119981
9.75	1.0068765	0.654367777778	-3.75921648148	0.418879020479	-0.349065850399	-7.72038853074
9.8	1.035517	0.435228888889	-4.51425052469	0.401425727959	-0.727220521664	-7.18116798097
9.85	1.0518095	0.181123055556	-4.72484617284	0.349065850399	-1.12476774017	-5.48539746082
9.9	1.0542105	-0.0663705	-4.34009333333	0.279252680319	-1.32063246734	-3.09795942229
9.95	1.04272	-0.267825833333	-3.65689873457	0.209439510239	-1.38171899116	-1.53901409659
10	1.018367	-0.400166666667	-3.08193969136	0.13962634016	-1.3962634016	-0.699209064535
