Vernier Format 2
Untitled.cmbl 10/24/2024 12:33:28 .
Latest
Time	Position	Velocity 1	Acceleration 1	Angle 2	Velocity 2	Acceleration 2
t	x	v 1	acc 1	Angle 2	v 2	acc 2
s	m	m/s	m/s²	rad	rad/s	rad/s²

0.05	1.0219685	-0.154921666667	-1.74642049383	-0.261799387799	-6.94253191349	-6.8584975421
0.1	1.0168235	-0.231810833333	-1.98616584877	-0.593411945678	-7.31099031113	-5.30224562573
0.15	1.003961	-0.344486333333	-2.19275453704	-0.977384381117	-7.66199541626	-1.38010294556
0.2	0.9828665	-0.466003611111	-2.1247791358	-1.37881010908	-7.64066361429	6.06448046881
0.25	0.9561125	-0.571380833333	-1.74041799383	-1.76278254451	-7.12676111231	15.6250062603
0.3	0.9245565	-0.646459722222	-1.15351746914	-2.11184839491	-6.07956356111	25.2437096935
0.35	0.8905995	-0.693526944444	-0.396831944444	-2.39110107523	-4.53785605519	33.1020007824
0.4	0.8532125	-0.693336388889	0.498990895062	-2.58308729295	-2.60829760437	37.2283038905
0.45	0.8189125	-0.639504444444	1.32298487654	-2.65290046303	-0.62056151182	36.9589629566
0.5	0.788214	-0.554040277778	2.00607361111	-2.63544717051	1.18294538191	34.0069863205
0.55	0.7623175	-0.436658055556	2.60621774691	-2.53072741539	2.8410081713	29.266585883
0.6	0.743281	-0.289358611111	3.08498858025	-2.33874119767	4.18879020479	22.7862430121
0.65	0.7324765	-0.120145277778	3.36732839506	-2.09439510239	5.12932874614	15.9773042019
0.7	0.730933	0.0576430555556	3.4001992284	-1.81514242207	5.7692828052	9.59931088597
0.75	0.738479	0.22981	3.18635354938	-1.50098315672	6.04077846662	4.30406812452
0.8	0.7546	0.384731666667	2.76189104938	-1.20427718388	6.1183486556	0.495587318468
0.85	0.7780955	0.511832222222	2.18688966049	-0.890117918517	6.12804492922	-3.93776445435
0.9	0.807079	0.606347777778	1.52444444444	-0.575958653158	5.79837162607	-9.70704725955
0.95	0.840007	0.666944444444	0.793081635802	-0.296705972839	5.14872129338	-15.5248114329
1	0.875336	0.688096111111	0.0102688271605	-0.0523598775598	4.2372715729	-21.1863578645
1.05	0.9104935	0.667706666667	-0.7674625	0.13962634016	3.02523737012	-26.5516292688
1.1	0.943593	0.608920277778	-1.48855648148	0.261799387799	1.53201123231	-30.7695082944
1.15	0.972748	0.515738611111	-2.1308875	0.296705972839	-0.0969627362219	-33.646069469
1.2	0.996415	0.391115277778	-2.66126712963	0.261799387799	-1.91016590357	-34.4702527269
1.25	1.012536	0.246197777778	-3.08387700617	0.10471975512	-3.69428025005	-31.9977029532
1.3	1.02214	0.0772702777778	-3.34747885802	-0.12217304764	-5.18750638787	-27.3219443399
1.35	1.020768	-0.101756666667	-3.31566666667	-0.418879020479	-6.48680705325	-20.7823464636
1.4	1.011164	-0.2649675	-3.03512654321	-0.785398163397	-7.39825677373	-11.4308292368
1.45	0.9934995	-0.409885	-2.61426342593	-1.18682389136	-7.67944870878	-0.754154615059
1.5	0.9691465	-0.528696388889	-2.10251589506	-1.57079632679	-7.46613068909	10.0302563803
1.55	0.9399915	-0.625975	-1.45531512346	-1.95476876223	-6.70012507293	20.9654982986
1.6	0.904834	-0.682188888889	-0.647147839506	-2.26892802759	-5.29416539772	30.0315141354
1.65	0.8696765	-0.689811111111	0.164830555556	-2.49582083035	-3.55853241934	35.8331178527
1.7	0.8346905	-0.663323888889	0.939068364198	-2.63544717051	-1.57079632679	38.0794212418
1.75	0.8017625	-0.596343611111	1.70102592593	-2.65290046303	0.416939765754	36.3340919898
1.8	0.773465	-0.490680555556	2.38887854938	-2.58308729295	2.17196529137	31.8091642995
1.85	0.7513415	-0.351384444444	2.92963287037	-2.42600766027	3.66519142919	25.5658414505
1.9	0.73745	-0.189412222222	3.26501064815	-2.19911485751	4.75117407487	18.7461290029
1.95	0.731962	-0.0161972222222	3.37675030864	-1.93731546971	5.49778714378	12.6805711704
2	0.735735	0.158161111111	3.2457433642	-1.64060949687	5.99229709851	7.25065794193
2.05	0.748426	0.317465555556	2.89649737654	-1.32645023152	6.2056151182	2.26785066386
2.1	0.7684915	0.45276	2.41126882716	-1.01229096616	6.2056151182	-2.4887102297
2.15	0.794731	0.561471944444	1.8351029321	-0.698131700798	5.98260082489	-7.72469798568
2.2	0.8257725	0.639885555556	1.16487669753	-0.401425727959	5.45900204929	-13.4454994228
2.25	0.8600725	0.682855833333	0.389844907407	-0.13962634016	4.62512251778	-18.9723753874
2.3	0.895916	0.681045555556	-0.431714197531	0.0698131700798	3.54883614572	-24.18142905
2.35	0.929873	0.636931944444	-1.20192916667	0.226892802759	2.19135783862	-28.9272163062
2.4	0.9609145	0.557660833333	-1.89555138889	0.296705972839	0.62056151182	-32.6441211947
2.45	0.9869825	0.444375555556	-2.49934783951	0.296705972839	-1.12476774017	-34.804235485
2.5	1.0065335	0.302316388889	-2.9627154321	0.191986217719	-3.00584482288	-33.7160981118
2.55	1.018024	0.140058333333	-3.23071064815	-0.0174532925199	-4.62512251778	-29.568247729
2.6	1.020768	-0.0290597222222	-3.28819490741	-0.279252680319	-6.01168964576	-23.6750680942
2.65	1.0151085	-0.196939166667	-3.13776188272	-0.628318530718	-7.09767229144	-15.287791411
2.7	1.000531	-0.351289166667	-2.78327561728	-1.01229096616	-7.63096734066	-4.91816545392
2.75	0.978922	-0.480581111111	-2.28772530864	-1.41371669412	-7.61157479342	6.08710510726
2.8	0.951482	-0.583671666667	-1.68991018519	-1.79768912955	-6.9910132816	16.5267597072
2.85	0.91924	-0.653224444444	-0.999146296296	-2.12930168743	-5.91472690954	25.792087835
2.9	0.8847685	-0.686666944444	-0.235706635802	-2.40855436775	-4.36332312999	33.4467571779
2.95	0.848925	-0.678854166667	0.571719598765	-2.58308729295	-2.42406840555	37.589220742
3	0.8151395	-0.627975833333	1.34918626543	-2.65290046303	-0.416939765754	37.4437766377
3.05	0.784784	-0.541273055556	2.06101712963	-2.61799387799	1.45444104333	33.9369576777
3.1	0.7595735	-0.418650555556	2.68032268519	-2.49582083035	3.04462991737	28.4424026251
3.15	0.7417375	-0.266968333333	3.14099074074	-2.30383461263	4.35362685636	21.6603979082
3.2	0.7321335	-0.0964211111111	3.39877006173	-2.04203522483	5.23598775598	14.4851554278
3.25	0.7317905	0.08232	3.41337932099	-1.76278254451	5.72080143709	8.88286400166
3.3	0.740537	0.254963333333	3.17560833333	-1.46607657168	6.05047474025	4.72962680016
3.35	0.7578585	0.412076388889	2.66502530864	-1.15191730632	6.2056151182	0.441719131678
3.4	0.783755	0.525838055556	2.02549969136	-0.837758040957	6.14743747647	-4.82658953638
3.45	0.811195	0.614541666667	1.35966682099	-0.523598775598	5.7692828052	-11.0106573799
3.5	0.8466955	0.666086944444	0.616817746914	-0.244346095279	5.01297346267	-16.7099115422
3.55	0.879795	0.672661111111	-0.0720935185185	-0.0174532925199	4.07243492132	-21.9135783862
3.6	0.914438	0.658369444444	-0.759946141975	0.174532925199	2.8410081713	-27.2249816036
3.65	0.947366	0.601679166667	-1.52412685185	0.279252680319	1.31869321262	-31.6529465578
3.7	0.9763495	0.504114722222	-2.23908070988	0.314159265359	-0.39754721851	-34.2871008918
3.75	0.999159	0.371392777778	-2.8083654321	0.244346095279	-2.22044665948	-34.2655536171
3.8	1.0144225	0.214756111111	-3.1686742284	0.0872664625997	-3.93668709061	-31.48056836
3.85	1.021111	0.0457333333333	-3.30629768519	-0.157079632679	-5.45900204929	-26.2984487909
3.9	1.019053	-0.124623333333	-3.22187098765	-0.471238898038	-6.65164370482	-18.9185072006
3.95	1.0082485	-0.284785277778	-2.93169722222	-0.837758040957	-7.43704186822	-9.55082951786
4	0.9897265	-0.424271944444	-2.48076867284	-1.23918376892	-7.65035988791	0.953466906182
4.05	0.9646875	-0.536223333333	-1.93260385802	-1.62315620435	-7.33038285838	11.4416028742
4.1	0.935018	-0.619591388889	-1.31689768519	-1.98967534727	-6.52559214773	22.0267015784
4.15	0.9015755	-0.671803611111	-0.610148302469	-2.30383461263	-5.08084737803	31.1896801514
4.2	0.8662465	-0.684380277778	0.177851851852	-2.51327412287	-3.24825166343	36.684235204
4.25	0.831432	-0.654653611111	0.983795987654	-2.63544717051	-1.24112302364	38.0794212418
4.3	0.79919	-0.584148055556	1.74728858025	-2.63544717051	0.727220521664	35.4829746385
4.35	0.7715785	-0.47677	2.42402546296	-2.54818070791	2.38528331106	30.6563851022
4.4	0.750141	-0.335949444444	2.95170555556	-2.39110107523	3.83972435439	24.5477327202
4.45	0.737107	-0.172929166667	3.26665154321	-2.14675497995	4.88692190558	17.5556420748
4.5	0.7324765	-9.52777777778E-05	3.34964907407	-1.88495559215	5.53657223827	11.6355283466
4.55	0.737107	0.171690555556	3.19487561728	-1.58824961931	6.00199337214	6.69581561799
4.6	0.7503125	0.327755555556	2.83684290123	-1.27409035396	6.2056151182	1.89077335633
4.65	0.7708925	0.459905833333	2.35076743827	-0.959931088597	6.19591884458	-3.03816573495
4.7	0.7973035	0.565664166667	1.7748132716	-0.645771823238	5.9438157304	-8.73741989733
4.75	0.8285165	0.642172222222	1.09003070988	-0.349065850399	5.32325421858	-14.4905422465
4.8	0.8631595	0.678663611111	0.323732716049	-0.10471975512	4.46028586621	-19.6995959091
4.85	0.8981455	0.673232777778	-0.43044382716	0.10471975512	3.3646069469	-24.9948386705
4.9	0.9317595	0.632835	-1.14222175926	0.244346095279	1.9683435453	-30.1015427782
4.95	0.962458	0.561567222222	-1.88141851852	0.314159265359	0.290888208666	-33.629909013
5	0.989898	0.445137777778	-2.59250833333	0.279252680319	-1.52231495868	-34.3140349852
5.05	1.0085915	0.291740555556	-3.07387283951	0.157079632679	-3.24825166343	-32.4017143542
5.1	1.019396	0.125861944444	-3.28353688272	-0.0523598775598	-4.81904799023	-28.7009699217
5.15	1.0212825	-0.0439230555556	-3.28824783951	-0.331612557879	-6.18622257096	-22.9963289406
5.2	1.014937	-0.210182777778	-3.10266790123	-0.680678408278	-7.2528126694	-14.3343245048
5.25	0.9996735	-0.361865	-2.73288425926	-1.08210413624	-7.73762635051	-3.15128892721
5.3	0.9777215	-0.488489166667	-2.23463441358	-1.4835298642	-7.54370087806	7.97787846359
5.35	0.949767	-0.588530833333	-1.64428271605	-1.85004900711	-6.91344309262	18.5683639865
5.4	0.917525	-0.654748888889	-0.985119290123	-2.19911485751	-5.69171261623	28.6255544602
5.45	0.8833965	-0.692574166667	-0.207917283951	-2.44346095279	-3.92699081699	35.6553528363
5.5	0.846181	-0.681426666667	0.676472222222	-2.60054058547	-1.92955845082	38.2248653461
5.55	0.8130815	-0.619877222222	1.46987145062	-2.63544717051	0.0678739153553	36.6680747479
5.6	0.7832405	-0.528601111111	2.13845679012	-2.58308729295	1.83259571459	32.5363848211
5.65	0.7588875	-0.403596666667	2.7180632716	-2.44346095279	3.3646069469	27.084924318
5.7	0.7417375	-0.251342777778	3.1511007716	-2.23402144255	4.57664114967	20.7500255515
5.75	0.732991	-0.0801286111111	3.37786188272	-1.97222205475	5.44930577567	14.1996540378
5.8	0.7335055	0.0965163888889	3.35610679012	-1.67551608191	5.98260082489	7.98865210095
5.85	0.742938	0.265539166667	3.08906435185	-1.36135681656	6.2056151182	2.68263570214
5.9	0.7609455	0.413410277778	2.62326188272	-1.0471975512	6.21531139182	-1.92848108708
5.95	0.78547	0.532126388889	2.03598024691	-0.733038285838	6.02138591938	-6.68504198063
6	0.815311	0.620163055556	1.36130771605	-0.436332312999	5.59474988	-12.2981070441
6.05	0.848925	0.671517777778	0.611736265432	-0.157079632679	4.79965544298	-18.1643525856
6.1	0.8840825	0.68257	-0.16848287037	0.0523598775598	3.75245789179	-23.6211999074
6.15	0.9187255	0.653891388889	-0.931287345679	0.226892802759	2.45315722641	-29.0672735919
6.2	0.9509675	0.587578055556	-1.6465058642	0.314159265359	0.804790710642	-33.3282471669
6.25	0.978922	0.485249722222	-2.27099876543	0.314159265359	-1.00841245671	-34.7880750289
6.3	1.0003595	0.3575775	-2.80513657407	0.209439510239	-2.77313425595	-33.7053244745
6.35	1.015966	0.200559722222	-3.20927314815	0.0349065850399	-4.46028586621	-30.3008550693
6.4	1.0212825	0.0247722222222	-3.34525570988	-0.244346095279	-5.92442318316	-24.0790794951
6.45	1.018024	-0.144726944444	-3.22779938272	-0.575958653158	-6.96192446073	-15.6163873504
6.5	1.006362	-0.303936111111	-2.93312638889	-0.959931088597	-7.5146120572	-6.13558647538
6.55	0.9869825	-0.444089722222	-2.47515787037	-1.34390352404	-7.61157479342	4.22326584433
6.6	0.961086	-0.560138055556	-1.83626743827	-1.74532925199	-7.11706483869	15.0130636584
6.65	0.928844	-0.630071944444	-1.12967685185	-2.07694180987	-6.07956356111	24.9517441211
6.7	0.896945	-0.668659444444	-0.474853858025	-2.37364778271	-4.54755232881	32.9296225847
6.75	0.861273	-0.681998333333	0.263178395062	-2.54818070791	-2.62769015161	37.2067566158
6.8	0.82663	-0.646936111111	1.0762683642	-2.63544717051	-0.678739153553	37.7723725771
6.85	0.7949025	-0.571095	1.82938626543	-2.61799387799	1.27990811813	34.9927741388
6.9	0.7681485	-0.458857777778	2.47171728395	-2.49582083035	2.95736345477	29.1373022347
6.95	0.748083	-0.320323888889	3.00167345679	-2.30383461263	4.22757529928	22.301429331
7	0.7348775	-0.1534925	3.37569166667	-2.05948851735	5.14872129338	15.9719173832
7.05	0.731962	0.0298219444444	3.45932438272	-1.78023583703	5.80806789969	10.051803655
7.1	0.7383075	0.205037777778	3.24854876543	-1.46607657168	6.15713375009	4.2825208498
7.15	0.753228	0.362150833333	2.83721342593	-1.15191730632	6.2056151182	-0.813409620528
7.2	0.775523	0.493729444444	2.28777824074	-0.837758040957	6.04077846662	-5.24137457466
7.25	0.8038205	0.594438055556	1.63994228395	-0.541052068118	5.6820163426	-9.69627362219
7.3	0.836234	0.661418333333	0.901698302469	-0.261799387799	5.10993619889	-14.9322613782
7.35	0.871563	0.688096111111	0.0901962962963	-0.0174532925199	4.22757529928	-20.9331773866
7.4	0.906892	0.669898055556	-0.714054012346	0.174532925199	3.0155410965	-26.8479042961
7.45	0.9399915	0.613779444444	-1.45547391975	0.296705972839	1.49322613782	-31.5452101842
7.5	0.969661	0.521741111111	-2.12183611111	0.331612557879	-0.22301429331	-34.1308831501
7.55	0.9934995	0.3970225	-2.66878348765	0.279252680319	-2.03621746066	-33.9800522271
7.6	1.0103065	0.248198611111	-3.05111203704	0.12217304764	-3.73306534454	-31.178906514
7.65	1.0188815	0.0847019444444	-3.24743719136	-0.10471975512	-5.19720266149	-26.815583384
7.7	1.019053	-0.0847972222222	-3.23610972222	-0.401425727959	-6.48680705325	-20.4537505241
7.75	1.010135	-0.247722222222	-3.01210108025	-0.767944870878	-7.38856050011	-11.0968464787
7.8	0.9934995	-0.392449166667	-2.62130339506	-1.16937059884	-7.65035988791	-0.37707730753
7.85	0.970004	-0.514214166667	-2.10775617284	-1.55334303427	-7.37886422649	9.85787818256
7.9	0.9410205	-0.6079675	-1.47791712963	-1.91986217719	-6.69042879931	20.3083064198
7.95	0.9077495	-0.665705833333	-0.758834567901	-2.25147473507	-5.35234303945	30.1931186958
8	0.872935	-0.6851425	0.000952777777822	-2.47836753783	-3.49065850399	36.1401665174
8.05	0.8377775	-0.666468055556	0.782654012346	-2.60054058547	-1.55140377955	37.7292780277
8.1	0.804678	-0.607014722222	1.55953842593	-2.63544717051	0.416939765754	35.827731034
8.15	0.775523	-0.5084975	2.27856805556	-2.54818070791	2.1428764705	31.162746058
8.2	0.7523705	-0.373965277778	2.86600848765	-2.40855436775	3.56822869297	25.355755522
8.25	0.737107	-0.213803333333	3.25453009259	-2.18166156499	4.71238898038	18.7569026403
8.3	0.7304185	-0.0391591666667	3.41184429012	-1.91986217719	5.44930577567	12.1903706706
8.35	0.7331625	0.136533055556	3.34059768519	-1.62315620435	5.86624554143	6.91128836515
8.4	0.7444815	0.302792777778	3.06222777778	-1.32645023152	6.07956356111	2.7957588944
8.45	0.764204	0.449520555556	2.59653117284	-1.01229096616	6.16683002371	-1.62681924106
8.5	0.790272	0.571571388889	1.91873564815	-0.698131700798	5.97290455127	-7.03518519477
8.55	0.8232	0.6491275	1.08441990741	-0.401425727959	5.46869832292	-12.6374766209
8.6	0.8573285	0.677806111111	0.286362654321	-0.13962634016	4.6736038859	-17.787275278
8.65	0.892486	0.668754722222	-0.358032716049	0.0698131700798	3.70397652368	-23.1256125889
8.7	0.9245565	0.640933611111	-0.978238117284	0.244346095279	2.41437213193	-29.0780472292
8.75	0.9578275	0.580241666667	-1.74342453704	0.331612557879	0.70782797442	-33.1073876011
8.8	0.985096	0.4656225	-2.47267006173	0.314159265359	-1.03750127757	-34.0770149633
8.85	1.0055045	0.321467222222	-2.96488564815	0.226892802759	-2.77313425595	-32.90807531
8.9	1.0178525	0.159304444444	-3.21843040123	0.0349065850399	-4.42150077172	-29.3743222566
8.95	1.0216255	-0.00819388888889	-3.26151712963	-0.226892802759	-5.79837162607	-23.7397099183
9	1.016995	-0.173691388889	-3.12765185185	-0.558505360638	-6.84556917727	-16.5752410753
9.05	1.0037895	-0.328041388889	-2.81995756173	-0.925024503557	-7.5146120572	-7.76240571643
9.1	0.9832095	-0.45962	-2.38988425926	-1.32645023152	-7.72793007689	3.26441211947
9.15	0.957313	-0.572905277778	-1.81414182099	-1.72787595947	-7.24311639578	15.3470464165
9.2	0.924385	-0.6491275	-1.07081635802	-2.07694180987	-6.1183486556	25.8405692031
9.25	0.890428	-0.679902222222	-0.30610632716	-2.35619449019	-4.54755232881	33.5383330954
9.3	0.8552705	-0.677996666667	0.440077469136	-2.54818070791	-2.60829760437	37.4060689069
9.35	0.821142	-0.637408333333	1.20515802469	-2.61799387799	-0.62056151182	36.9912838687
9.4	0.789929	-0.557279722222	1.94996558642	-2.60054058547	1.18294538191	33.9800522271
9.45	0.763861	-0.438754166667	2.60065987654	-2.49582083035	2.8410081713	29.1211417786
9.5	0.7448245	-0.289739722222	3.07022052469	-2.30383461263	4.17909393116	22.4899679848
9.55	0.7341915	-0.1226225	3.31476682099	-2.05948851735	5.10023992527	15.6002268944
9.6	0.732305	0.0509736111111	3.32630601852	-1.78023583703	5.6820163426	9.73936817162
9.65	0.739508	0.219043611111	3.11346604938	-1.4835298642	6.031082193	4.81581589902
9.7	0.754943	0.369487222222	2.7182220679	-1.16937059884	6.16683002371	0.043094549432
9.75	0.7774095	0.495920833333	2.18819179012	-0.855211333477	6.031082193	-4.52385032662
9.8	0.805707	0.592246666667	1.56114226852	-0.558505360638	5.69171261623	-8.57527665509
9.85	0.837949	0.654463055556	0.894229583333	-0.279252680319	5.14872129338	-11.8924795976
9.9	0.8727635	0.6786255	0.335774768519	-0.0349065850399	4.46222512093	-14.0741411626
9.95	0.907235	0.674804861111	0.016228981482	0.174532925199	3.65064701875	-14.594507847
10	0.9399915	0.665038888889	-0.131197499999	0.296705972839	2.96705972839	-14.243825951
