0.000000E+0	-7.261760E+1
3.125000E+1	-7.596300E+1
6.250000E+1	-8.658140E+1
9.375000E+1	-1.040670E+2
1.250000E+2	-1.058190E+2
1.562500E+2	-1.062130E+2
1.875000E+2	-1.089350E+2
2.187500E+2	-1.111520E+2
2.500000E+2	-1.107280E+2
2.812500E+2	-1.109050E+2
3.125000E+2	-1.108170E+2
3.437500E+2	-1.118870E+2
3.750000E+2	-1.135390E+2
4.062500E+2	-1.100520E+2
4.375000E+2	-1.082240E+2
4.687500E+2	-1.083530E+2
5.000000E+2	-1.087650E+2
5.312500E+2	-1.090940E+2
5.625000E+2	-1.106110E+2
5.937500E+2	-1.101230E+2
6.250000E+2	-1.114870E+2
6.562500E+2	-1.140090E+2
6.875000E+2	-1.117400E+2
7.187500E+2	-1.143270E+2
7.500000E+2	-1.143910E+2
7.812500E+2	-1.127690E+2
8.125000E+2	-1.120040E+2
8.437500E+2	-1.122870E+2
8.750000E+2	-1.115220E+2
9.062500E+2	-1.106700E+2
9.375000E+2	-1.109340E+2
9.687500E+2	-1.076710E+2
1.000000E+3	-1.054840E+2
1.031250E+3	-1.116280E+2
1.062500E+3	-1.143910E+2
1.093750E+3	-1.102820E+2
1.125000E+3	-1.140090E+2
1.156250E+3	-1.143910E+2
1.187500E+3	-1.143910E+2
1.218750E+3	-1.135390E+2
1.250000E+3	-1.098520E+2
1.281250E+3	-1.102820E+2
1.312500E+3	-1.105520E+2
1.343750E+3	-1.058900E+2
1.375000E+3	-1.046020E+2
1.406250E+3	-1.062540E+2
1.437500E+3	-1.095290E+2
1.468750E+3	-1.075420E+2
1.500000E+3	-1.078480E+2
1.531250E+3	-1.075590E+2
1.562500E+3	-1.080000E+2
1.593750E+3	-1.089180E+2
1.625000E+3	-1.105810E+2
1.656250E+3	-1.133740E+2
1.687500E+3	-1.105810E+2
1.718750E+3	-1.079120E+2
1.750000E+3	-1.091700E+2
1.781250E+3	-1.143910E+2
1.812500E+3	-1.143910E+2
1.843750E+3	-1.100520E+2
1.875000E+3	-1.080830E+2
1.906250E+3	-1.100520E+2
1.937500E+3	-1.111220E+2
1.968750E+3	-1.143910E+2
2.000000E+3	-1.131100E+2
2.031250E+3	-1.077770E+2
2.062500E+3	-1.055550E+2
2.093750E+3	-1.034090E+2
2.125000E+3	-1.041960E+2
2.156250E+3	-1.057840E+2
2.187500E+3	-1.097820E+2
2.218750E+3	-1.143910E+2
2.250000E+3	-1.111870E+2
2.281250E+3	-1.117750E+2
2.312500E+3	-1.143910E+2
2.343750E+3	-1.143910E+2
2.375000E+3	-1.143910E+2
2.406250E+3	-1.143910E+2
2.437500E+3	-1.143910E+2
2.468750E+3	-1.110580E+2
2.500000E+3	-1.084060E+2
2.531250E+3	-1.099520E+2
2.562500E+3	-1.109340E+2
2.593750E+3	-1.043850E+2
2.625000E+3	-7.794440E+1
2.656250E+3	-6.352790E+1
2.687500E+3	-5.740150E+1
2.718750E+3	-5.807760E+1
2.750000E+3	-6.570920E+1
2.781250E+3	-8.234820E+1
2.812500E+3	-1.143910E+2
2.843750E+3	-1.131630E+2
2.875000E+3	-1.114520E+2
2.906250E+3	-1.124980E+2
2.937500E+3	-1.112520E+2
2.968750E+3	-1.077590E+2
3.000000E+3	-1.074710E+2
3.031250E+3	-1.101520E+2
3.062500E+3	-1.099290E+2
3.093750E+3	-1.070420E+2
3.125000E+3	-1.057370E+2
3.156250E+3	-1.079240E+2
3.187500E+3	-1.115220E+2
3.218750E+3	-1.124570E+2
3.250000E+3	-1.071420E+2
3.281250E+3	-1.066250E+2
3.312500E+3	-1.070660E+2
3.343750E+3	-1.077010E+2
3.375000E+3	-1.092350E+2
3.406250E+3	-1.097820E+2
3.437500E+3	-1.082060E+2
3.468750E+3	-1.077590E+2
3.500000E+3	-1.080180E+2
3.531250E+3	-1.088590E+2
3.562500E+3	-1.110580E+2
3.593750E+3	-1.110580E+2
3.625000E+3	-1.121630E+2
3.656250E+3	-1.143910E+2
3.687500E+3	-1.143270E+2
3.718750E+3	-1.129630E+2
3.750000E+3	-1.137680E+2
3.781250E+3	-1.143910E+2
3.812500E+3	-1.115220E+2
3.843750E+3	-1.082060E+2
3.875000E+3	-1.094880E+2
3.906250E+3	-1.140090E+2
3.937500E+3	-1.143910E+2
3.968750E+3	-1.143910E+2
4.000000E+3	-1.141970E+2
4.031250E+3	-1.128630E+2
4.062500E+3	-1.120040E+2
4.093750E+3	-1.114870E+2
4.125000E+3	-1.078360E+2
4.156250E+3	-1.052490E+2
4.187500E+3	-1.055550E+2
4.218750E+3	-1.065130E+2
4.250000E+3	-1.094230E+2
4.281250E+3	-1.121220E+2
4.312500E+3	-1.133740E+2
4.343750E+3	-1.113460E+2
4.375000E+3	-1.090940E+2
4.406250E+3	-1.088760E+2
4.437500E+3	-1.080650E+2
4.468750E+3	-1.085470E+2
4.500000E+3	-1.105810E+2
4.531250E+3	-1.062840E+2
4.562500E+3	-1.065010E+2
4.593750E+3	-1.090700E+2
4.625000E+3	-1.101520E+2
4.656250E+3	-1.094880E+2
4.687500E+3	-1.105520E+2
4.718750E+3	-1.132630E+2
4.750000E+3	-1.097110E+2
4.781250E+3	-1.083360E+2
4.812500E+3	-1.097350E+2
4.843750E+3	-1.105520E+2
4.875000E+3	-1.089180E+2
4.906250E+3	-1.065130E+2
4.937500E+3	-1.080650E+2
4.968750E+3	-1.117750E+2
5.000000E+3	-1.143910E+2
5.031250E+3	-1.127220E+2
5.062500E+3	-1.102050E+2
5.093750E+3	-1.068300E+2
5.125000E+3	-1.072300E+2
5.156250E+3	-1.097580E+2
5.187500E+3	-1.081890E+2
5.218750E+3	-1.085470E+2
5.250000E+3	-1.104990E+2
5.281250E+3	-1.112810E+2
5.312500E+3	-7.789150E+1
5.343750E+3	-5.900070E+1
5.375000E+3	-4.987570E+1
5.406250E+3	-4.790020E+1
5.437500E+3	-5.263910E+1
5.468750E+3	-6.522710E+1
5.500000E+3	-9.049710E+1
5.531250E+3	-1.143910E+2
5.562500E+3	-1.127220E+2
5.593750E+3	-1.103640E+2
5.625000E+3	-1.138270E+2
5.656250E+3	-1.100230E+2
5.687500E+3	-1.100520E+2
5.718750E+3	-1.143910E+2
5.750000E+3	-1.105520E+2
5.781250E+3	-1.067130E+2
5.812500E+3	-1.047140E+2
5.843750E+3	-1.065540E+2
5.875000E+3	-1.085650E+2
5.906250E+3	-1.100990E+2
5.937500E+3	-1.127220E+2
5.968750E+3	-1.137680E+2
6.000000E+3	-1.143910E+2
6.031250E+3	-1.143910E+2
6.062500E+3	-1.143910E+2
6.093750E+3	-1.090350E+2
6.125000E+3	-1.062540E+2
6.156250E+3	-1.080000E+2
6.187500E+3	-1.111870E+2
6.218750E+3	-1.143910E+2
6.250000E+3	-1.131630E+2
6.281250E+3	-1.143910E+2
6.312500E+3	-1.114520E+2
6.343750E+3	-1.080360E+2
6.375000E+3	-1.089000E+2
6.406250E+3	-1.088410E+2
6.437500E+3	-1.087120E+2
6.468750E+3	-1.088410E+2
6.500000E+3	-1.074710E+2
6.531250E+3	-1.081410E+2
6.562500E+3	-1.135390E+2
6.593750E+3	-1.114520E+2
6.625000E+3	-1.084940E+2
6.656250E+3	-1.101230E+2
6.687500E+3	-1.077180E+2
6.718750E+3	-1.067830E+2
6.750000E+3	-1.089940E+2
6.781250E+3	-1.127220E+2
6.812500E+3	-1.134800E+2
6.843750E+3	-1.118100E+2
6.875000E+3	-1.118100E+2
6.906250E+3	-1.106990E+2
6.937500E+3	-1.080000E+2
6.968750E+3	-1.072710E+2
7.000000E+3	-1.067480E+2
7.031250E+3	-1.058310E+2
7.062500E+3	-1.102820E+2
7.093750E+3	-1.141970E+2
7.125000E+3	-1.106700E+2
7.156250E+3	-1.096470E+2
7.187500E+3	-1.098520E+2
7.218750E+3	-1.057020E+2
7.250000E+3	-1.062010E+2
7.281250E+3	-1.060010E+2
7.312500E+3	-1.066660E+2
7.343750E+3	-1.112520E+2
7.375000E+3	-1.143910E+2
7.406250E+3	-1.137680E+2
7.437500E+3	-1.143910E+2
7.468750E+3	-1.133150E+2
7.500000E+3	-1.094880E+2
7.531250E+3	-1.086180E+2
7.562500E+3	-1.098520E+2
7.593750E+3	-1.095110E+2
7.625000E+3	-1.077480E+2
7.656250E+3	-1.089180E+2
7.687500E+3	-1.143910E+2
7.718750E+3	-1.140090E+2
7.750000E+3	-1.101230E+2
7.781250E+3	-1.098290E+2
7.812500E+3	-1.108750E+2
7.843750E+3	-1.131100E+2
7.875000E+3	-1.121220E+2
7.906250E+3	-1.132150E+2
7.937500E+3	-1.143910E+2
7.968750E+3	-1.135390E+2
8.000000E+3	-1.014740E+2
8.031250E+3	-8.139570E+1
8.062500E+3	-6.934270E+1
8.093750E+3	-6.473910E+1
8.125000E+3	-6.677930E+1
8.156250E+3	-7.591600E+1
8.187500E+3	-9.420710E+1
8.218750E+3	-1.085300E+2
8.250000E+3	-1.071770E+2
8.281250E+3	-1.072600E+2
8.312500E+3	-1.086180E+2
8.343750E+3	-1.143910E+2
8.375000E+3	-1.092350E+2
8.406250E+3	-1.053780E+2
8.437500E+3	-1.052190E+2
8.468750E+3	-1.079120E+2
8.500000E+3	-1.131100E+2
8.531250E+3	-1.143910E+2
8.562500E+3	-1.143910E+2
8.593750E+3	-1.123280E+2
8.625000E+3	-1.065540E+2
8.656250E+3	-1.050250E+2
8.687500E+3	-1.058480E+2
8.718750E+3	-1.061310E+2
8.750000E+3	-1.065310E+2
8.781250E+3	-1.095110E+2
8.812500E+3	-1.123280E+2
8.843750E+3	-1.122870E+2
8.875000E+3	-1.078060E+2
8.906250E+3	-1.083240E+2
8.937500E+3	-1.102520E+2
8.968750E+3	-1.081590E+2
9.000000E+3	-1.074300E+2
9.031250E+3	-1.088590E+2
9.062500E+3	-1.080360E+2
9.093750E+3	-1.078480E+2
9.125000E+3	-1.113160E+2
9.156250E+3	-1.143910E+2
9.187500E+3	-1.103640E+2
9.218750E+3	-1.109340E+2
9.250000E+3	-1.089180E+2
9.281250E+3	-1.073360E+2
9.312500E+3	-1.072600E+2
9.343750E+3	-1.085470E+2
9.375000E+3	-1.127220E+2
9.406250E+3	-1.143910E+2
9.437500E+3	-1.143910E+2
9.468750E+3	-1.129100E+2
9.500000E+3	-1.085650E+2
9.531250E+3	-1.066890E+2
9.562500E+3	-1.070010E+2
9.593750E+3	-1.100520E+2
9.625000E+3	-1.113160E+2
9.656250E+3	-1.120810E+2
9.687500E+3	-1.129100E+2
9.718750E+3	-1.135920E+2
9.750000E+3	-1.099760E+2
9.781250E+3	-1.088760E+2
9.812500E+3	-1.087120E+2
9.843750E+3	-1.098520E+2
9.875000E+3	-1.111870E+2
9.906250E+3	-1.070660E+2
9.937500E+3	-1.083060E+2
9.968750E+3	-1.093590E+2
1.000000E+4	-1.129100E+2
1.003130E+4	-1.143910E+2
1.006250E+4	-1.098520E+2
1.009380E+4	-1.088590E+2
1.012500E+4	-1.133740E+2
1.015630E+4	-1.143910E+2
1.018750E+4	-1.138270E+2
1.021880E+4	-1.090350E+2
1.025000E+4	-1.070660E+2
1.028130E+4	-1.112160E+2
1.031250E+4	-1.087470E+2
1.034380E+4	-1.057370E+2
1.037500E+4	-1.065540E+2
1.040630E+4	-1.087470E+2
1.043750E+4	-1.117400E+2
1.046880E+4	-1.143910E+2
1.050000E+4	-1.115930E+2
1.053130E+4	-1.105810E+2
1.056250E+4	-1.142620E+2
1.059380E+4	-1.143910E+2
1.062500E+4	-1.143910E+2
1.065630E+4	-1.143910E+2
1.068750E+4	-1.001100E+2
1.071880E+4	-6.474500E+1
1.075000E+4	-4.825890E+1
1.078130E+4	-4.069200E+1
1.081250E+4	-4.006290E+1
1.084380E+4	-4.623040E+1
1.087500E+4	-6.070580E+1
1.090630E+4	-9.009730E+1
1.093750E+4	-1.093590E+2
1.096880E+4	-1.077010E+2
1.100000E+4	-1.089000E+2
1.103130E+4	-1.090700E+2
1.106250E+4	-1.059130E+2
1.109380E+4	-1.056430E+2
1.112500E+4	-1.061600E+2
1.115630E+4	-1.062250E+2
1.118750E+4	-1.057540E+2
1.121880E+4	-1.066540E+2
1.125000E+4	-1.084410E+2
1.128130E+4	-1.083880E+2
1.131250E+4	-1.101520E+2
1.134380E+4	-1.088240E+2
1.137500E+4	-1.073240E+2
1.140630E+4	-1.125860E+2
1.143750E+4	-1.143910E+2
1.146880E+4	-1.143910E+2
1.150000E+4	-1.143910E+2
1.153130E+4	-1.122450E+2
1.156250E+4	-1.105810E+2
1.159380E+4	-1.096640E+2
1.162500E+4	-1.107870E+2
1.165630E+4	-1.137090E+2
1.168750E+4	-1.143910E+2
1.171880E+4	-1.120810E+2
1.175000E+4	-1.078950E+2
1.178130E+4	-1.090700E+2
1.181250E+4	-1.107580E+2
1.184380E+4	-1.125390E+2
1.187500E+4	-1.143910E+2
1.190630E+4	-1.085470E+2
1.193750E+4	-1.070010E+2
1.196880E+4	-1.074180E+2
1.200000E+4	-1.092940E+2
1.203130E+4	-1.137090E+2
1.206250E+4	-1.143910E+2
1.209380E+4	-1.143910E+2
1.212500E+4	-1.135390E+2
1.215630E+4	-1.076590E+2
1.218750E+4	-1.076590E+2
1.221880E+4	-1.109640E+2
1.225000E+4	-1.120810E+2
1.228130E+4	-1.143910E+2
1.231250E+4	-1.140680E+2
1.234380E+4	-1.125860E+2
1.237500E+4	-1.098760E+2
1.240630E+4	-1.070420E+2
1.243750E+4	-1.066250E+2
1.246880E+4	-1.117400E+2
