0.000000E+0	-7.346430E+1
3.125000E+1	-7.691550E+1
6.250000E+1	-8.682830E+1
9.375000E+1	-1.042200E+2
1.250000E+2	-1.104990E+2
1.562500E+2	-1.131630E+2
1.875000E+2	-1.143910E+2
2.187500E+2	-1.143910E+2
2.500000E+2	-1.138680E+2
2.812500E+2	-1.143910E+2
3.125000E+2	-1.118100E+2
3.437500E+2	-1.124570E+2
3.750000E+2	-1.096410E+2
4.062500E+2	-1.076120E+2
4.375000E+2	-1.050370E+2
4.687500E+2	-1.070010E+2
5.000000E+2	-1.056430E+2
5.312500E+2	-1.060010E+2
5.625000E+2	-1.116460E+2
5.937500E+2	-1.116280E+2
6.250000E+2	-1.112400E+2
6.562500E+2	-1.093350E+2
6.875000E+2	-1.131860E+2
7.187500E+2	-1.143910E+2
7.500000E+2	-1.143910E+2
7.812500E+2	-1.043260E+2
8.125000E+2	-1.080830E+2
8.437500E+2	-1.072650E+2
8.750000E+2	-1.075540E+2
9.062500E+2	-1.127100E+2
9.375000E+2	-1.143910E+2
9.687500E+2	-1.131980E+2
1.000000E+3	-1.106640E+2
1.031250E+3	-1.111220E+2
1.062500E+3	-1.105170E+2
1.093750E+3	-1.134680E+2
1.125000E+3	-1.096170E+2
1.156250E+3	-1.088000E+2
1.187500E+3	-1.067480E+2
1.218750E+3	-1.019270E+2
1.250000E+3	-1.019740E+2
1.281250E+3	-1.143910E+2
1.312500E+3	-1.143910E+2
1.343750E+3	-1.143910E+2
1.375000E+3	-1.013270E+2
1.406250E+3	-9.891070E+1
1.437500E+3	-1.143910E+2
1.468750E+3	-1.121920E+2
1.500000E+3	-1.074180E+2
1.531250E+3	-1.084000E+2
1.562500E+3	-1.017980E+2
1.593750E+3	-1.065540E+2
1.625000E+3	-1.045610E+2
1.656250E+3	-1.018270E+2
1.687500E+3	-9.991610E+1
1.718750E+3	-9.919880E+1
1.750000E+3	-1.093880E+2
1.781250E+3	-1.043260E+2
1.812500E+3	-1.112400E+2
1.843750E+3	-1.109280E+2
1.875000E+3	-1.120220E+2
1.906250E+3	-1.030560E+2
1.937500E+3	-1.037260E+2
1.968750E+3	-1.134270E+2
2.000000E+3	-1.091060E+2
2.031250E+3	-1.040490E+2
2.062500E+3	-1.056430E+2
2.093750E+3	-1.113810E+2
2.125000E+3	-1.124570E+2
2.156250E+3	-1.086530E+2
2.187500E+3	-1.053430E+2
2.218750E+3	-1.017090E+2
2.250000E+3	-1.031030E+2
2.281250E+3	-9.953980E+1
2.312500E+3	-1.124570E+2
2.343750E+3	-1.103050E+2
2.375000E+3	-1.068770E+2
2.406250E+3	-1.095940E+2
2.437500E+3	-1.042430E+2
2.468750E+3	-1.123450E+2
2.500000E+3	-1.085590E+2
2.531250E+3	-1.081590E+2
2.562500E+3	-1.143910E+2
2.593750E+3	-1.039490E+2
2.625000E+3	-9.003850E+1
2.656250E+3	-7.635700E+1
2.687500E+3	-7.037750E+1
2.718750E+3	-7.106540E+1
2.750000E+3	-7.876170E+1
2.781250E+3	-9.623550E+1
2.812500E+3	-1.078360E+2
2.843750E+3	-1.103460E+2
2.875000E+3	-1.143910E+2
2.906250E+3	-1.143910E+2
2.937500E+3	-1.143910E+2
2.968750E+3	-1.043140E+2
3.000000E+3	-1.023440E+2
3.031250E+3	-1.127920E+2
3.062500E+3	-1.027620E+2
3.093750E+3	-1.025440E+2
3.125000E+3	-1.039490E+2
3.156250E+3	-1.069240E+2
3.187500E+3	-1.113160E+2
3.218750E+3	-1.011450E+2
3.250000E+3	-1.094590E+2
3.281250E+3	-1.050370E+2
3.312500E+3	-1.011210E+2
3.343750E+3	-1.018740E+2
3.375000E+3	-1.026090E+2
3.406250E+3	-9.861080E+1
3.437500E+3	-1.046610E+2
3.468750E+3	-1.014740E+2
3.500000E+3	-1.043960E+2
3.531250E+3	-9.831100E+1
3.562500E+3	-1.097000E+2
3.593750E+3	-1.035260E+2
3.625000E+3	-9.914590E+1
3.656250E+3	-9.991610E+1
3.687500E+3	-9.797590E+1
3.718750E+3	-1.001630E+2
3.750000E+3	-9.537710E+1
3.781250E+3	-9.511250E+1
3.812500E+3	-9.681760E+1
3.843750E+3	-9.530660E+1
3.875000E+3	-9.750550E+1
3.906250E+3	-1.001980E+2
3.937500E+3	-1.018680E+2
3.968750E+3	-9.863440E+1
4.000000E+3	-9.562410E+1
4.031250E+3	-1.034320E+2
4.062500E+3	-1.060010E+2
4.093750E+3	-1.000690E+2
4.125000E+3	-1.019330E+2
4.156250E+3	-1.054550E+2
4.187500E+3	-9.890480E+1
4.218750E+3	-1.101760E+2
4.250000E+3	-9.577100E+1
4.281250E+3	-9.772890E+1
4.312500E+3	-1.143910E+2
4.343750E+3	-1.089180E+2
4.375000E+3	-1.014740E+2
4.406250E+3	-1.028260E+2
4.437500E+3	-1.040960E+2
4.468750E+3	-1.074830E+2
4.500000E+3	-1.076240E+2
4.531250E+3	-1.017980E+2
4.562500E+3	-1.044960E+2
4.593750E+3	-1.085410E+2
4.625000E+3	-1.081710E+2
4.656250E+3	-1.143910E+2
4.687500E+3	-1.112110E+2
4.718750E+3	-1.089120E+2
4.750000E+3	-1.097470E+2
4.781250E+3	-1.048370E+2
4.812500E+3	-1.094760E+2
4.843750E+3	-1.060010E+2
4.875000E+3	-1.127100E+2
4.906250E+3	-1.143910E+2
4.937500E+3	-1.071130E+2
4.968750E+3	-1.143910E+2
5.000000E+3	-1.083060E+2
5.031250E+3	-1.059250E+2
5.062500E+3	-1.066420E+2
5.093750E+3	-1.071130E+2
5.125000E+3	-1.043430E+2
5.156250E+3	-1.067420E+2
5.187500E+3	-1.100170E+2
5.218750E+3	-1.086350E+2
5.250000E+3	-1.143910E+2
5.281250E+3	-1.143910E+2
5.312500E+3	-9.120270E+1
5.343750E+3	-7.321140E+1
5.375000E+3	-6.415700E+1
5.406250E+3	-6.214620E+1
5.437500E+3	-6.684390E+1
5.468750E+3	-7.911440E+1
5.500000E+3	-1.041320E+2
5.531250E+3	-1.077180E+2
5.562500E+3	-1.143910E+2
5.593750E+3	-1.111220E+2
5.625000E+3	-1.094820E+2
5.656250E+3	-1.067420E+2
5.687500E+3	-1.078480E+2
5.718750E+3	-1.056020E+2
5.750000E+3	-1.043200E+2
5.781250E+3	-1.143910E+2
5.812500E+3	-1.091060E+2
5.843750E+3	-1.143910E+2
5.875000E+3	-1.143910E+2
5.906250E+3	-1.072950E+2
5.937500E+3	-1.097820E+2
5.968750E+3	-1.084180E+2
6.000000E+3	-1.070660E+2
6.031250E+3	-1.044140E+2
6.062500E+3	-1.067420E+2
6.093750E+3	-1.143910E+2
6.125000E+3	-1.127100E+2
6.156250E+3	-1.110460E+2
6.187500E+3	-1.143910E+2
6.218750E+3	-1.079650E+2
6.250000E+3	-1.110460E+2
6.281250E+3	-1.135090E+2
6.312500E+3	-1.074480E+2
6.343750E+3	-1.041900E+2
6.375000E+3	-1.062190E+2
6.406250E+3	-1.088180E+2
6.437500E+3	-1.066420E+2
6.468750E+3	-1.048080E+2
6.500000E+3	-1.143910E+2
6.531250E+3	-1.087650E+2
6.562500E+3	-1.110220E+2
6.593750E+3	-1.096580E+2
6.625000E+3	-1.066070E+2
6.656250E+3	-9.928700E+1
6.687500E+3	-9.534770E+1
6.718750E+3	-1.032030E+2
6.750000E+3	-9.998660E+1
6.781250E+3	-1.008270E+2
6.812500E+3	-9.819340E+1
6.843750E+3	-9.856380E+1
6.875000E+3	-9.384260E+1
6.906250E+3	-9.746430E+1
6.937500E+3	-9.797000E+1
6.968750E+3	-1.015040E+2
7.000000E+3	-1.020970E+2
7.031250E+3	-1.065660E+2
7.062500E+3	-1.029210E+2
7.093750E+3	-1.068300E+2
7.125000E+3	-1.143910E+2
7.156250E+3	-1.076420E+2
7.187500E+3	-1.072950E+2
7.218750E+3	-1.099880E+2
7.250000E+3	-1.081360E+2
7.281250E+3	-1.143910E+2
7.312500E+3	-1.100930E+2
7.343750E+3	-1.064250E+2
7.375000E+3	-1.026850E+2
7.406250E+3	-1.031670E+2
7.437500E+3	-1.086180E+2
7.468750E+3	-1.143910E+2
7.500000E+3	-1.086350E+2
7.531250E+3	-1.118690E+2
7.562500E+3	-1.093880E+2
7.593750E+3	-1.143910E+2
7.625000E+3	-1.143910E+2
7.656250E+3	-1.047080E+2
7.687500E+3	-1.094820E+2
7.718750E+3	-1.125390E+2
7.750000E+3	-1.075070E+2
7.781250E+3	-1.086350E+2
7.812500E+3	-1.124570E+2
7.843750E+3	-1.063360E+2
7.875000E+3	-1.047140E+2
7.906250E+3	-1.139920E+2
7.937500E+3	-1.121100E+2
7.968750E+3	-1.074180E+2
8.000000E+3	-1.100930E+2
8.031250E+3	-9.752310E+1
8.062500E+3	-8.371810E+1
8.093750E+3	-7.848530E+1
8.125000E+3	-8.043730E+1
8.156250E+3	-8.956820E+1
8.187500E+3	-1.116220E+2
8.218750E+3	-1.090120E+2
8.250000E+3	-1.143910E+2
8.281250E+3	-1.099520E+2
8.312500E+3	-1.106640E+2
8.343750E+3	-1.084000E+2
8.375000E+3	-1.095940E+2
8.406250E+3	-1.143910E+2
8.437500E+3	-1.143910E+2
8.468750E+3	-1.138090E+2
8.500000E+3	-1.135090E+2
8.531250E+3	-1.128510E+2
8.562500E+3	-1.143910E+2
8.593750E+3	-1.143910E+2
8.625000E+3	-1.143910E+2
8.656250E+3	-1.107460E+2
8.687500E+3	-1.143910E+2
8.718750E+3	-1.133570E+2
8.750000E+3	-1.089120E+2
8.781250E+3	-1.143910E+2
8.812500E+3	-1.143910E+2
8.843750E+3	-1.066540E+2
8.875000E+3	-1.070010E+2
8.906250E+3	-1.116570E+2
8.937500E+3	-1.120220E+2
8.968750E+3	-1.100170E+2
9.000000E+3	-1.112340E+2
9.031250E+3	-1.143270E+2
9.062500E+3	-1.119280E+2
9.093750E+3	-1.047020E+2
9.125000E+3	-1.118100E+2
9.156250E+3	-1.083180E+2
9.187500E+3	-1.135210E+2
9.218750E+3	-1.113050E+2
9.250000E+3	-1.143910E+2
9.281250E+3	-1.143910E+2
9.312500E+3	-1.092060E+2
9.343750E+3	-1.069890E+2
9.375000E+3	-1.101520E+2
9.406250E+3	-1.029620E+2
9.437500E+3	-1.046370E+2
9.468750E+3	-1.086350E+2
9.500000E+3	-1.127100E+2
9.531250E+3	-1.143910E+2
9.562500E+3	-1.087820E+2
9.593750E+3	-1.061310E+2
9.625000E+3	-1.071010E+2
9.656250E+3	-1.074830E+2
9.687500E+3	-1.060600E+2
9.718750E+3	-1.138270E+2
9.750000E+3	-1.135090E+2
9.781250E+3	-1.143910E+2
9.812500E+3	-1.143910E+2
9.843750E+3	-1.101520E+2
9.875000E+3	-1.109580E+2
9.906250E+3	-1.143910E+2
9.937500E+3	-1.103460E+2
9.968750E+3	-1.095940E+2
1.000000E+4	-1.142440E+2
1.003130E+4	-1.142440E+2
1.006250E+4	-1.143910E+2
1.009380E+4	-1.106230E+2
1.012500E+4	-1.072950E+2
1.015630E+4	-1.091820E+2
1.018750E+4	-1.088000E+2
1.021880E+4	-1.138680E+2
1.025000E+4	-1.139920E+2
1.028130E+4	-1.128510E+2
1.031250E+4	-1.116220E+2
1.034380E+4	-1.143910E+2
1.037500E+4	-1.128510E+2
1.040630E+4	-1.104990E+2
1.043750E+4	-1.084880E+2
1.046880E+4	-1.083060E+2
1.050000E+4	-1.116220E+2
1.053130E+4	-1.115930E+2
1.056250E+4	-1.110460E+2
1.059380E+4	-1.110220E+2
1.062500E+4	-1.110220E+2
1.065630E+4	-1.143910E+2
1.068750E+4	-1.095110E+2
1.071880E+4	-8.001400E+1
1.075000E+4	-6.342800E+1
1.078130E+4	-5.584340E+1
1.081250E+4	-5.521430E+1
1.084380E+4	-6.138190E+1
1.087500E+4	-7.599240E+1
1.090630E+4	-1.063360E+2
1.093750E+4	-1.121920E+2
1.096880E+4	-1.140560E+2
1.100000E+4	-1.143910E+2
1.103130E+4	-1.081710E+2
1.106250E+4	-1.105760E+2
1.109380E+4	-1.139920E+2
1.112500E+4	-1.107460E+2
1.115630E+4	-1.143910E+2
1.118750E+4	-1.143910E+2
1.121880E+4	-1.138270E+2
1.125000E+4	-1.107460E+2
1.128130E+4	-1.101760E+2
1.131250E+4	-1.143910E+2
1.134380E+4	-1.143910E+2
1.137500E+4	-1.091820E+2
1.140630E+4	-1.082940E+2
1.143750E+4	-1.128510E+2
1.146880E+4	-1.055310E+2
1.150000E+4	-1.096170E+2
1.153130E+4	-1.076420E+2
1.156250E+4	-1.067420E+2
1.159380E+4	-1.143910E+2
1.162500E+4	-1.143910E+2
1.165630E+4	-1.143910E+2
1.168750E+4	-1.143270E+2
1.171880E+4	-1.107460E+2
1.175000E+4	-1.121100E+2
1.178130E+4	-1.116460E+2
1.181250E+4	-1.101760E+2
1.184380E+4	-1.049140E+2
1.187500E+4	-1.128980E+2
1.190630E+4	-1.093350E+2
1.193750E+4	-1.143910E+2
1.196880E+4	-1.100350E+2
1.200000E+4	-1.033140E+2
1.203130E+4	-1.016210E+2
1.206250E+4	-1.013270E+2
1.209380E+4	-1.026270E+2
1.212500E+4	-1.016210E+2
1.215630E+4	-1.026150E+2
1.218750E+4	-1.091060E+2
1.221880E+4	-1.031260E+2
1.225000E+4	-1.041610E+2
1.228130E+4	-1.094760E+2
1.231250E+4	-1.106230E+2
1.234380E+4	-1.098470E+2
1.237500E+4	-1.085410E+2
1.240630E+4	-1.109580E+2
1.243750E+4	-1.107460E+2
1.246880E+4	-1.063540E+2
