0.000000E+0	-8.364750E+1
3.125000E+1	-8.736920E+1
6.250000E+1	-1.016270E+2
9.375000E+1	-1.039910E+2
1.250000E+2	-1.080300E+2
1.562500E+2	-1.143910E+2
1.875000E+2	-1.098700E+2
2.187500E+2	-1.033790E+2
2.500000E+2	-1.093940E+2
2.812500E+2	-1.127920E+2
3.125000E+2	-1.109580E+2
3.437500E+2	-1.112110E+2
3.750000E+2	-1.124860E+2
4.062500E+2	-1.143910E+2
4.375000E+2	-1.066780E+2
4.687500E+2	-1.080940E+2
5.000000E+2	-1.038080E+2
5.312500E+2	-1.070890E+2
5.625000E+2	-1.108580E+2
5.937500E+2	-1.134680E+2
6.250000E+2	-1.143910E+2
6.562500E+2	-1.089120E+2
6.875000E+2	-1.051900E+2
7.187500E+2	-1.019500E+2
7.500000E+2	-1.028910E+2
7.812500E+2	-1.138680E+2
8.125000E+2	-1.105760E+2
8.437500E+2	-1.015620E+2
8.750000E+2	-1.018150E+2
9.062500E+2	-1.115930E+2
9.375000E+2	-1.120810E+2
9.687500E+2	-1.057250E+2
1.000000E+3	-1.061310E+2
1.031250E+3	-1.068770E+2
1.062500E+3	-1.066660E+2
1.093750E+3	-1.060010E+2
1.125000E+3	-1.073540E+2
1.156250E+3	-1.095290E+2
1.187500E+3	-1.131980E+2
1.218750E+3	-1.138680E+2
1.250000E+3	-1.140560E+2
1.281250E+3	-1.082940E+2
1.312500E+3	-1.054900E+2
1.343750E+3	-1.038910E+2
1.375000E+3	-9.981030E+1
1.406250E+3	-1.045310E+2
1.437500E+3	-1.033140E+2
1.468750E+3	-1.104930E+2
1.500000E+3	-1.143910E+2
1.531250E+3	-1.079650E+2
1.562500E+3	-1.028500E+2
1.593750E+3	-1.036320E+2
1.625000E+3	-1.007270E+2
1.656250E+3	-1.002630E+2
1.687500E+3	-9.300770E+1
1.718750E+3	-9.491850E+1
1.750000E+3	-1.024030E+2
1.781250E+3	-1.006690E+2
1.812500E+3	-1.021910E+2
1.843750E+3	-9.588860E+1
1.875000E+3	-9.431290E+1
1.906250E+3	-1.124100E+2
1.937500E+3	-1.143910E+2
1.968750E+3	-1.032560E+2
2.000000E+3	-9.922230E+1
2.031250E+3	-9.568290E+1
2.062500E+3	-8.899200E+1
2.093750E+3	-8.734570E+1
2.125000E+3	-9.758190E+1
2.156250E+3	-9.816990E+1
2.187500E+3	-9.438350E+1
2.218750E+3	-9.495380E+1
2.250000E+3	-1.009210E+2
2.281250E+3	-9.612970E+1
2.312500E+3	-9.553000E+1
2.343750E+3	-9.054420E+1
2.375000E+3	-8.982100E+1
2.406250E+3	-9.285480E+1
2.437500E+3	-8.875680E+1
2.468750E+3	-8.458830E+1
2.500000E+3	-9.642950E+1
2.531250E+3	-8.679310E+1
2.562500E+3	-8.500570E+1
2.593750E+3	-8.920370E+1
2.625000E+3	-7.956720E+1
2.656250E+3	-8.101940E+1
2.687500E+3	-7.920850E+1
2.718750E+3	-7.847360E+1
2.750000E+3	-7.662740E+1
2.781250E+3	-8.088420E+1
2.812500E+3	-8.938000E+1
2.843750E+3	-7.929670E+1
2.875000E+3	-8.210710E+1
2.906250E+3	-8.808070E+1
2.937500E+3	-8.554070E+1
2.968750E+3	-8.571120E+1
3.000000E+3	-9.763480E+1
3.031250E+3	-1.114460E+2
3.062500E+3	-9.093810E+1
3.093750E+3	-8.956820E+1
3.125000E+3	-9.095570E+1
3.156250E+3	-9.543000E+1
3.187500E+3	-9.467160E+1
3.218750E+3	-8.732810E+1
3.250000E+3	-8.716930E+1
3.281250E+3	-8.898020E+1
3.312500E+3	-9.268430E+1
3.343750E+3	-9.221980E+1
3.375000E+3	-1.026150E+2
3.406250E+3	-9.516550E+1
3.437500E+3	-9.257850E+1
3.468750E+3	-9.337810E+1
3.500000E+3	-9.502430E+1
3.531250E+3	-9.360150E+1
3.562500E+3	-9.174950E+1
3.593750E+3	-9.337810E+1
3.625000E+3	-9.470690E+1
3.656250E+3	-9.691750E+1
3.687500E+3	-9.968680E+1
3.718750E+3	-9.336630E+1
3.750000E+3	-1.020910E+2
3.781250E+3	-1.029260E+2
3.812500E+3	-9.724680E+1
3.843750E+3	-1.006100E+2
3.875000E+3	-9.794650E+1
3.906250E+3	-9.729970E+1
3.937500E+3	-9.240800E+1
3.968750E+3	-1.031620E+2
4.000000E+3	-9.806400E+1
4.031250E+3	-9.675880E+1
4.062500E+3	-1.088180E+2
4.093750E+3	-9.998660E+1
4.125000E+3	-9.496560E+1
4.156250E+3	-1.004220E+2
4.187500E+3	-9.736440E+1
4.218750E+3	-9.620610E+1
4.250000E+3	-9.487740E+1
4.281250E+3	-9.519490E+1
4.312500E+3	-9.697630E+1
4.343750E+3	-9.412480E+1
4.375000E+3	-9.262550E+1
4.406250E+3	-1.004860E+2
4.437500E+3	-9.484800E+1
4.468750E+3	-9.901650E+1
4.500000E+3	-9.911650E+1
4.531250E+3	-1.034200E+2
4.562500E+3	-1.000040E+2
4.593750E+3	-9.838150E+1
4.625000E+3	-1.089470E+2
4.656250E+3	-1.057250E+2
4.687500E+3	-1.059720E+2
4.718750E+3	-1.062130E+2
4.750000E+3	-1.120220E+2
4.781250E+3	-1.114460E+2
4.812500E+3	-1.084180E+2
4.843750E+3	-1.050670E+2
4.875000E+3	-1.078480E+2
4.906250E+3	-1.008630E+2
4.937500E+3	-1.008570E+2
4.968750E+3	-1.022030E+2
5.000000E+3	-1.143910E+2
5.031250E+3	-1.009270E+2
5.062500E+3	-1.016740E+2
5.093750E+3	-1.012450E+2
5.125000E+3	-9.878720E+1
5.156250E+3	-9.710570E+1
5.187500E+3	-9.621790E+1
5.218750E+3	-1.006920E+2
5.250000E+3	-9.926930E+1
5.281250E+3	-1.054130E+2
5.312500E+3	-9.047950E+1
5.343750E+3	-7.322320E+1
5.375000E+3	-6.393360E+1
5.406250E+3	-6.190520E+1
5.437500E+3	-6.659700E+1
5.468750E+3	-7.870880E+1
5.500000E+3	-1.030910E+2
5.531250E+3	-1.134680E+2
5.562500E+3	-1.040910E+2
5.593750E+3	-1.046370E+2
5.625000E+3	-1.020030E+2
5.656250E+3	-9.854030E+1
5.687500E+3	-1.029260E+2
5.718750E+3	-1.027320E+2
5.750000E+3	-9.748790E+1
5.781250E+3	-9.732910E+1
5.812500E+3	-9.819340E+1
5.843750E+3	-1.035790E+2
5.875000E+3	-9.987490E+1
5.906250E+3	-1.121100E+2
5.937500E+3	-1.010920E+2
5.968750E+3	-1.000100E+2
6.000000E+3	-1.014150E+2
6.031250E+3	-1.017740E+2
6.062500E+3	-1.054550E+2
6.093750E+3	-9.704100E+1
6.125000E+3	-1.033790E+2
6.156250E+3	-1.020740E+2
6.187500E+3	-1.036670E+2
6.218750E+3	-9.775830E+1
6.250000E+3	-9.839330E+1
6.281250E+3	-1.088710E+2
6.312500E+3	-1.054250E+2
6.343750E+3	-9.999840E+1
6.375000E+3	-9.395430E+1
6.406250E+3	-9.717620E+1
6.437500E+3	-1.059720E+2
6.468750E+3	-1.020970E+2
6.500000E+3	-9.639430E+1
6.531250E+3	-1.022970E+2
6.562500E+3	-1.114100E+2
6.593750E+3	-9.531830E+1
6.625000E+3	-9.703510E+1
6.656250E+3	-1.061190E+2
6.687500E+3	-1.004510E+2
6.718750E+3	-9.808170E+1
6.750000E+3	-1.020210E+2
6.781250E+3	-9.979260E+1
6.812500E+3	-1.020910E+2
6.843750E+3	-9.987490E+1
6.875000E+3	-1.037610E+2
6.906250E+3	-1.022970E+2
6.937500E+3	-1.012100E+2
6.968750E+3	-1.039320E+2
7.000000E+3	-1.012100E+2
7.031250E+3	-9.981030E+1
7.062500E+3	-9.962210E+1
7.093750E+3	-9.729970E+1
7.125000E+3	-1.052840E+2
7.156250E+3	-1.038080E+2
7.187500E+3	-9.987490E+1
7.218750E+3	-9.777010E+1
7.250000E+3	-1.004100E+2
7.281250E+3	-1.034140E+2
7.312500E+3	-9.554760E+1
7.343750E+3	-9.163780E+1
7.375000E+3	-9.086170E+1
7.406250E+3	-1.008860E+2
7.437500E+3	-9.580040E+1
7.468750E+3	-9.698810E+1
7.500000E+3	-9.698810E+1
7.531250E+3	-9.956330E+1
7.562500E+3	-1.138680E+2
7.593750E+3	-1.046610E+2
7.625000E+3	-1.021560E+2
7.656250E+3	-1.143910E+2
7.687500E+3	-1.088180E+2
7.718750E+3	-9.623550E+1
7.750000E+3	-9.772300E+1
7.781250E+3	-9.946340E+1
7.812500E+3	-9.683520E+1
7.843750E+3	-9.645890E+1
7.875000E+3	-9.919290E+1
7.906250E+3	-1.009690E+2
7.937500E+3	-1.076710E+2
7.968750E+3	-1.013860E+2
8.000000E+3	-9.653540E+1
8.031250E+3	-9.530070E+1
8.062500E+3	-8.895670E+1
8.093750E+3	-1.000340E+2
8.125000E+3	-9.524190E+1
8.156250E+3	-8.857450E+1
8.187500E+3	-1.016680E+2
8.218750E+3	-8.819240E+1
8.250000E+3	-9.623550E+1
8.281250E+3	-8.929180E+1
8.312500E+3	-9.014440E+1
8.343750E+3	-9.523010E+1
8.375000E+3	-1.009040E+2
8.406250E+3	-9.763480E+1
8.437500E+3	-1.065830E+2
8.468750E+3	-1.083650E+2
8.500000E+3	-1.066540E+2
8.531250E+3	-1.035080E+2
8.562500E+3	-1.067480E+2
8.593750E+3	-1.056070E+2
8.625000E+3	-1.059250E+2
8.656250E+3	-1.052190E+2
8.687500E+3	-1.012800E+2
8.718750E+3	-9.842270E+1
8.750000E+3	-1.088710E+2
8.781250E+3	-1.129980E+2
8.812500E+3	-1.037610E+2
8.843750E+3	-1.041790E+2
8.875000E+3	-1.084180E+2
8.906250E+3	-1.081360E+2
8.937500E+3	-1.124570E+2
8.968750E+3	-1.124570E+2
9.000000E+3	-1.143910E+2
9.031250E+3	-1.098700E+2
9.062500E+3	-1.070660E+2
9.093750E+3	-1.091060E+2
9.125000E+3	-1.037610E+2
9.156250E+3	-1.053550E+2
9.187500E+3	-1.143910E+2
9.218750E+3	-1.072540E+2
9.250000E+3	-1.039320E+2
9.281250E+3	-1.072650E+2
9.312500E+3	-1.109580E+2
9.343750E+3	-1.129980E+2
9.375000E+3	-1.135210E+2
9.406250E+3	-1.065010E+2
9.437500E+3	-1.114460E+2
9.468750E+3	-1.083060E+2
9.500000E+3	-1.143910E+2
9.531250E+3	-1.143910E+2
9.562500E+3	-1.143910E+2
9.593750E+3	-1.143910E+2
9.625000E+3	-1.143910E+2
9.656250E+3	-1.116220E+2
9.687500E+3	-1.143910E+2
9.718750E+3	-1.044550E+2
9.750000E+3	-1.079650E+2
9.781250E+3	-1.078480E+2
9.812500E+3	-1.050080E+2
9.843750E+3	-1.067420E+2
9.875000E+3	-1.094760E+2
9.906250E+3	-1.067420E+2
9.937500E+3	-1.101930E+2
9.968750E+3	-1.143910E+2
1.000000E+4	-1.095940E+2
1.003130E+4	-1.143910E+2
1.006250E+4	-1.143910E+2
1.009380E+4	-1.047020E+2
1.012500E+4	-1.143910E+2
1.015630E+4	-1.101520E+2
1.018750E+4	-1.096580E+2
1.021880E+4	-1.143910E+2
1.025000E+4	-1.084880E+2
1.028130E+4	-1.076530E+2
1.031250E+4	-1.143910E+2
1.034380E+4	-1.143910E+2
1.037500E+4	-1.090120E+2
1.040630E+4	-1.099880E+2
1.043750E+4	-1.118100E+2
1.046880E+4	-1.143910E+2
1.050000E+4	-1.125390E+2
1.053130E+4	-1.112110E+2
1.056250E+4	-1.143910E+2
1.059380E+4	-1.096820E+2
1.062500E+4	-1.126100E+2
1.065630E+4	-1.118690E+2
1.068750E+4	-1.106640E+2
1.071880E+4	-7.899690E+1
1.075000E+4	-6.251660E+1
1.078130E+4	-5.493210E+1
1.081250E+4	-5.430300E+1
1.084380E+4	-6.045880E+1
1.087500E+4	-7.489300E+1
1.090630E+4	-1.007040E+2
1.093750E+4	-1.143910E+2
1.096880E+4	-1.103460E+2
1.100000E+4	-1.143910E+2
1.103130E+4	-1.101930E+2
1.106250E+4	-1.050610E+2
1.109380E+4	-1.143910E+2
1.112500E+4	-1.143910E+2
1.115630E+4	-1.143910E+2
1.118750E+4	-1.143910E+2
1.121880E+4	-1.101760E+2
1.125000E+4	-1.143910E+2
1.128130E+4	-1.118100E+2
1.131250E+4	-1.017090E+2
1.134380E+4	-1.068190E+2
1.137500E+4	-1.121920E+2
1.140630E+4	-1.051250E+2
1.143750E+4	-1.143910E+2
1.146880E+4	-1.061840E+2
1.150000E+4	-1.040200E+2
1.153130E+4	-1.113050E+2
1.156250E+4	-1.111170E+2
1.159380E+4	-1.091820E+2
1.162500E+4	-1.048370E+2
1.165630E+4	-1.009390E+2
1.168750E+4	-1.055310E+2
1.171880E+4	-1.116220E+2
1.175000E+4	-1.143910E+2
1.178130E+4	-1.091060E+2
1.181250E+4	-1.143910E+2
1.184380E+4	-1.143910E+2
1.187500E+4	-1.114460E+2
1.190630E+4	-1.062780E+2
1.193750E+4	-1.086350E+2
1.196880E+4	-1.084000E+2
1.200000E+4	-1.060950E+2
1.203130E+4	-1.093350E+2
1.206250E+4	-1.084880E+2
1.209380E+4	-1.084000E+2
1.212500E+4	-1.143910E+2
1.215630E+4	-1.097820E+2
1.218750E+4	-1.029790E+2
1.221880E+4	-1.008980E+2
1.225000E+4	-9.912820E+1
1.228130E+4	-1.088000E+2
1.231250E+4	-1.093940E+2
1.234380E+4	-1.038910E+2
1.237500E+4	-1.106230E+2
1.240630E+4	-1.044840E+2
1.243750E+4	-1.029440E+2
1.246880E+4	-1.032500E+2
