0.000000E+0	-9.348770E+1
3.125000E+1	-9.760920E+1
6.250000E+1	-1.060930E+2
9.375000E+1	-1.117320E+2
1.250000E+2	-1.164350E+2
1.562500E+2	-1.135010E+2
1.875000E+2	-1.158000E+2
2.187500E+2	-1.124430E+2
2.500000E+2	-1.130840E+2
2.812500E+2	-1.166530E+2
3.125000E+2	-1.182050E+2
3.437500E+2	-1.178820E+2
3.750000E+2	-1.093680E+2
4.062500E+2	-1.135310E+2
4.375000E+2	-1.194810E+2
4.687500E+2	-1.223500E+2
5.000000E+2	-1.220970E+2
5.312500E+2	-1.144660E+2
5.625000E+2	-1.124840E+2
5.937500E+2	-1.134430E+2
6.250000E+2	-1.201340E+2
6.562500E+2	-1.203510E+2
6.875000E+2	-1.286820E+2
7.187500E+2	-1.189640E+2
7.500000E+2	-1.295580E+2
7.812500E+2	-1.158240E+2
8.125000E+2	-1.189280E+2
8.437500E+2	-1.266720E+2
8.750000E+2	-1.113440E+2
9.062500E+2	-1.124900E+2
9.375000E+2	-1.171590E+2
9.687500E+2	-1.141010E+2
1.000000E+3	-1.158060E+2
1.031250E+3	-1.142660E+2
1.062500E+3	-1.146130E+2
1.093750E+3	-1.169760E+2
1.125000E+3	-1.243900E+2
1.156250E+3	-1.415350E+2
1.187500E+3	-1.232790E+2
1.218750E+3	-1.153480E+2
1.250000E+3	-1.182340E+2
1.281250E+3	-1.107030E+2
1.312500E+3	-1.118790E+2
1.343750E+3	-1.121490E+2
1.375000E+3	-1.166760E+2
1.406250E+3	-1.171820E+2
1.437500E+3	-1.288230E+2
1.468750E+3	-1.282830E+2
1.500000E+3	-1.159120E+2
1.531250E+3	-1.146130E+2
1.562500E+3	-1.156650E+2
1.593750E+3	-1.207630E+2
1.625000E+3	-1.202100E+2
1.656250E+3	-1.160940E+2
1.687500E+3	-1.127310E+2
1.718750E+3	-1.242840E+2
1.750000E+3	-1.210210E+2
1.781250E+3	-1.203630E+2
1.812500E+3	-1.212150E+2
1.843750E+3	-1.127960E+2
1.875000E+3	-1.131080E+2
1.906250E+3	-1.170350E+2
1.937500E+3	-1.473500E+2
1.968750E+3	-1.176700E+2
2.000000E+3	-1.250190E+2
2.031250E+3	-1.201100E+2
2.062500E+3	-1.167880E+2
2.093750E+3	-1.165180E+2
2.125000E+3	-1.169410E+2
2.156250E+3	-1.208160E+2
2.187500E+3	-1.154010E+2
2.218750E+3	-1.269540E+2
2.250000E+3	-1.192460E+2
2.281250E+3	-1.116490E+2
2.312500E+3	-1.196040E+2
2.343750E+3	-1.263360E+2
2.375000E+3	-1.154830E+2
2.406250E+3	-1.182290E+2
2.437500E+3	-1.307520E+2
2.468750E+3	-1.139950E+2
2.500000E+3	-1.147070E+2
2.531250E+3	-1.285530E+2
2.562500E+3	-1.225380E+2
2.593750E+3	-1.175050E+2
2.625000E+3	-1.182990E+2
2.656250E+3	-1.165530E+2
2.687500E+3	-1.153360E+2
2.718750E+3	-1.150540E+2
2.750000E+3	-1.217740E+2
2.781250E+3	-1.157650E+2
2.812500E+3	-1.154890E+2
2.843750E+3	-1.211450E+2
2.875000E+3	-1.277710E+2
2.906250E+3	-1.205860E+2
2.937500E+3	-1.187520E+2
2.968750E+3	-1.169410E+2
3.000000E+3	-1.123610E+2
3.031250E+3	-1.094560E+2
3.062500E+3	-1.181870E+2
3.093750E+3	-1.186520E+2
3.125000E+3	-1.206330E+2
3.156250E+3	-1.196930E+2
3.187500E+3	-1.214330E+2
3.218750E+3	-1.120850E+2
3.250000E+3	-1.124140E+2
3.281250E+3	-1.302050E+2
3.312500E+3	-1.356260E+2
3.343750E+3	-1.187400E+2
3.375000E+3	-1.281470E+2
3.406250E+3	-1.163470E+2
3.437500E+3	-1.154590E+2
3.468750E+3	-1.250430E+2
3.500000E+3	-1.308340E+2
3.531250E+3	-1.172640E+2
3.562500E+3	-1.157360E+2
3.593750E+3	-1.256310E+2
3.625000E+3	-1.162300E+2
3.656250E+3	-1.214620E+2
3.687500E+3	-1.383720E+2
3.718750E+3	-1.185810E+2
3.750000E+3	-1.160710E+2
3.781250E+3	-1.192690E+2
3.812500E+3	-1.200630E+2
3.843750E+3	-1.216450E+2
3.875000E+3	-1.157590E+2
3.906250E+3	-1.218560E+2
3.937500E+3	-1.277300E+2
3.968750E+3	-1.142130E+2
4.000000E+3	-1.135540E+2
4.031250E+3	-1.308700E+2
4.062500E+3	-1.223500E+2
4.093750E+3	-1.206450E+2
4.125000E+3	-1.148770E+2
4.156250E+3	-1.164470E+2
4.187500E+3	-1.171940E+2
4.218750E+3	-1.249190E+2
4.250000E+3	-1.172820E+2
4.281250E+3	-1.163650E+2
4.312500E+3	-1.185460E+2
4.343750E+3	-1.227850E+2
4.375000E+3	-1.299230E+2
4.406250E+3	-1.207450E+2
4.437500E+3	-1.244670E+2
4.468750E+3	-1.206270E+2
4.500000E+3	-1.284650E+2
4.531250E+3	-1.237380E+2
4.562500E+3	-1.198870E+2
4.593750E+3	-1.190750E+2
4.625000E+3	-1.358610E+2
4.656250E+3	-1.245550E+2
4.687500E+3	-1.175290E+2
4.718750E+3	-1.237140E+2
4.750000E+3	-1.310280E+2
4.781250E+3	-1.198280E+2
4.812500E+3	-1.196570E+2
4.843750E+3	-1.170000E+2
4.875000E+3	-1.230090E+2
4.906250E+3	-1.179110E+2
4.937500E+3	-1.258660E+2
4.968750E+3	-1.258720E+2
5.000000E+3	-1.177940E+2
5.031250E+3	-1.176470E+2
5.062500E+3	-1.186700E+2
5.093750E+3	-1.183810E+2
5.125000E+3	-1.216740E+2
5.156250E+3	-1.220090E+2
5.187500E+3	-1.244140E+2
5.218750E+3	-1.276830E+2
5.250000E+3	-1.248310E+2
5.281250E+3	-1.204800E+2
5.312500E+3	-1.303760E+2
5.343750E+3	-1.205330E+2
5.375000E+3	-1.151600E+2
5.406250E+3	-1.158710E+2
5.437500E+3	-1.170060E+2
5.468750E+3	-1.207570E+2
5.500000E+3	-1.162940E+2
5.531250E+3	-1.275180E+2
5.562500E+3	-1.296820E+2
5.593750E+3	-1.185640E+2
5.625000E+3	-1.164410E+2
5.656250E+3	-1.151240E+2
5.687500E+3	-1.273070E+2
5.718750E+3	-1.263480E+2
5.750000E+3	-1.338560E+2
5.781250E+3	-1.235020E+2
5.812500E+3	-1.262010E+2
5.843750E+3	-1.108970E+2
5.875000E+3	-1.103440E+2
5.906250E+3	-1.171880E+2
5.937500E+3	-1.139840E+2
5.968750E+3	-1.150300E+2
6.000000E+3	-1.164710E+2
6.031250E+3	-1.197510E+2
6.062500E+3	-1.232560E+2
6.093750E+3	-1.207100E+2
6.125000E+3	-1.197930E+2
6.156250E+3	-1.201570E+2
6.187500E+3	-1.234610E+2
6.218750E+3	-1.383250E+2
6.250000E+3	-1.235610E+2
6.281250E+3	-1.200390E+2
6.312500E+3	-1.235610E+2
6.343750E+3	-1.186110E+2
6.375000E+3	-1.230090E+2
6.406250E+3	-1.142310E+2
6.437500E+3	-1.197510E+2
6.468750E+3	-1.295290E+2
6.500000E+3	-1.229440E+2
6.531250E+3	-1.175000E+2
6.562500E+3	-1.159890E+2
6.593750E+3	-1.169060E+2
6.625000E+3	-1.191930E+2
6.656250E+3	-1.166060E+2
6.687500E+3	-1.247610E+2
6.718750E+3	-1.138780E+2
6.750000E+3	-1.259840E+2
6.781250E+3	-1.159000E+2
6.812500E+3	-1.146130E+2
6.843750E+3	-1.126200E+2
6.875000E+3	-1.159710E+2
6.906250E+3	-1.132310E+2
6.937500E+3	-1.163650E+2
6.968750E+3	-1.095970E+2
7.000000E+3	-1.107680E+2
7.031250E+3	-1.128610E+2
7.062500E+3	-1.161060E+2
7.093750E+3	-1.165760E+2
7.125000E+3	-1.142360E+2
7.156250E+3	-1.161180E+2
7.187500E+3	-1.188690E+2
7.218750E+3	-1.200340E+2
7.250000E+3	-1.236490E+2
7.281250E+3	-1.157940E+2
7.312500E+3	-1.161880E+2
7.343750E+3	-1.157940E+2
7.375000E+3	-1.128080E+2
7.406250E+3	-1.154060E+2
7.437500E+3	-1.166000E+2
7.468750E+3	-1.208630E+2
7.500000E+3	-1.098150E+2
7.531250E+3	-1.081980E+2
7.562500E+3	-1.162240E+2
7.593750E+3	-1.141130E+2
7.625000E+3	-1.179050E+2
7.656250E+3	-1.177350E+2
7.687500E+3	-1.211620E+2
7.718750E+3	-1.178760E+2
7.750000E+3	-1.192990E+2
7.781250E+3	-1.343330E+2
7.812500E+3	-1.353380E+2
7.843750E+3	-1.209800E+2
7.875000E+3	-1.252660E+2
7.906250E+3	-1.207390E+2
7.937500E+3	-1.219500E+2
7.968750E+3	-1.215680E+2
8.000000E+3	-1.102210E+2
8.031250E+3	-1.097560E+2
8.062500E+3	-1.184400E+2
8.093750E+3	-1.207390E+2
8.125000E+3	-1.185170E+2
8.156250E+3	-1.180580E+2
8.187500E+3	-1.147540E+2
8.218750E+3	-1.187340E+2
8.250000E+3	-1.223500E+2
8.281250E+3	-1.236670E+2
8.312500E+3	-1.185170E+2
8.343750E+3	-1.133660E+2
8.375000E+3	-1.126960E+2
8.406250E+3	-1.175580E+2
8.437500E+3	-1.220560E+2
8.468750E+3	-1.251190E+2
8.500000E+3	-1.281300E+2
8.531250E+3	-1.396060E+2
8.562500E+3	-1.186870E+2
8.593750E+3	-1.165470E+2
8.625000E+3	-1.178050E+2
8.656250E+3	-1.254370E+2
8.687500E+3	-1.299930E+2
8.718750E+3	-1.166410E+2
8.750000E+3	-1.148830E+2
8.781250E+3	-1.182340E+2
8.812500E+3	-1.231790E+2
8.843750E+3	-1.191870E+2
8.875000E+3	-1.249430E+2
8.906250E+3	-1.193460E+2
8.937500E+3	-1.175520E+2
8.968750E+3	-1.159650E+2
9.000000E+3	-1.150770E+2
9.031250E+3	-1.238550E+2
9.062500E+3	-1.163820E+2
9.093750E+3	-1.219390E+2
9.125000E+3	-1.328270E+2
9.156250E+3	-1.146070E+2
9.187500E+3	-1.139070E+2
9.218750E+3	-1.163000E+2
9.250000E+3	-1.112380E+2
9.281250E+3	-1.161770E+2
9.312500E+3	-1.182640E+2
9.343750E+3	-1.126370E+2
9.375000E+3	-1.127200E+2
9.406250E+3	-1.138720E+2
9.437500E+3	-1.147010E+2
9.468750E+3	-1.180290E+2
9.500000E+3	-1.161590E+2
9.531250E+3	-1.149600E+2
9.562500E+3	-1.203330E+2
9.593750E+3	-1.203100E+2
9.625000E+3	-1.153420E+2
9.656250E+3	-1.169700E+2
9.687500E+3	-1.235200E+2
9.718750E+3	-1.166060E+2
9.750000E+3	-1.196160E+2
9.781250E+3	-1.177760E+2
9.812500E+3	-1.216740E+2
9.843750E+3	-1.156590E+2
9.875000E+3	-1.201570E+2
9.906250E+3	-1.169820E+2
9.937500E+3	-1.154950E+2
9.968750E+3	-1.208330E+2
1.000000E+4	-1.147830E+2
1.003130E+4	-1.148240E+2
1.006250E+4	-1.232320E+2
1.009380E+4	-1.277240E+2
1.012500E+4	-1.149010E+2
1.015630E+4	-1.175820E+2
1.018750E+4	-1.330330E+2
1.021880E+4	-1.198630E+2
1.025000E+4	-1.254020E+2
1.028130E+4	-1.196570E+2
1.031250E+4	-1.270770E+2
1.034380E+4	-1.255720E+2
1.037500E+4	-1.282650E+2
1.040630E+4	-1.156770E+2
1.043750E+4	-1.158830E+2
1.046880E+4	-1.182460E+2
1.050000E+4	-1.193400E+2
1.053130E+4	-1.325920E+2
1.056250E+4	-1.275590E+2
1.059380E+4	-1.193750E+2
1.062500E+4	-1.178170E+2
1.065630E+4	-1.149540E+2
1.068750E+4	-1.168470E+2
1.071880E+4	-9.397570E+1
1.075000E+4	-7.722500E+1
1.078130E+4	-6.961700E+1
1.081250E+4	-6.892910E+1
1.084380E+4	-7.510250E+1
1.087500E+4	-8.951900E+1
1.090630E+4	-1.131130E+2
1.093750E+4	-1.333150E+2
1.096880E+4	-1.275120E+2
1.100000E+4	-1.312990E+2
1.103130E+4	-1.121900E+2
1.106250E+4	-1.137480E+2
1.109380E+4	-1.264190E+2
1.112500E+4	-1.295110E+2
1.115630E+4	-1.219860E+2
1.118750E+4	-1.271540E+2
1.121880E+4	-1.166880E+2
1.125000E+4	-1.200220E+2
1.128130E+4	-1.239670E+2
1.131250E+4	-1.189690E+2
1.134380E+4	-1.190810E+2
1.137500E+4	-1.208040E+2
1.140630E+4	-1.289590E+2
1.143750E+4	-1.248720E+2
1.146880E+4	-1.278360E+2
1.150000E+4	-1.368020E+2
1.153130E+4	-1.299290E+2
1.156250E+4	-1.260250E+2
1.159380E+4	-1.213270E+2
1.162500E+4	-1.181640E+2
1.165630E+4	-1.166820E+2
1.168750E+4	-1.222800E+2
1.171880E+4	-1.228320E+2
1.175000E+4	-1.166230E+2
1.178130E+4	-1.170170E+2
1.181250E+4	-1.293000E+2
1.184380E+4	-1.275010E+2
1.187500E+4	-1.121550E+2
1.190630E+4	-1.140780E+2
1.193750E+4	-1.191460E+2
1.196880E+4	-1.404940E+2
1.200000E+4	-1.241790E+2
1.203130E+4	-1.214620E+2
1.206250E+4	-1.196870E+2
1.209380E+4	-1.268950E+2
1.212500E+4	-1.202160E+2
1.215630E+4	-1.258900E+2
1.218750E+4	-1.268950E+2
1.221880E+4	-1.213740E+2
1.225000E+4	-1.254960E+2
1.228130E+4	-1.257780E+2
1.231250E+4	-1.272590E+2
1.234380E+4	-1.216150E+2
1.237500E+4	-1.147240E+2
1.240630E+4	-1.144540E+2
1.243750E+4	-1.197100E+2
1.246880E+4	-1.173350E+2
