0.000000E+0	-7.128880E+1
3.125000E+1	-7.459900E+1
6.250000E+1	-8.622270E+1
9.375000E+1	-1.129980E+2
1.250000E+2	-1.131980E+2
1.562500E+2	-1.119280E+2
1.875000E+2	-1.121100E+2
2.187500E+2	-1.065310E+2
2.500000E+2	-1.074710E+2
2.812500E+2	-1.034500E+2
3.125000E+2	-1.065660E+2
3.437500E+2	-1.056720E+2
3.750000E+2	-1.131860E+2
4.062500E+2	-1.081590E+2
4.375000E+2	-1.043960E+2
4.687500E+2	-1.039550E+2
5.000000E+2	-1.124100E+2
5.312500E+2	-1.073540E+2
5.625000E+2	-1.143910E+2
5.937500E+2	-1.107460E+2
6.250000E+2	-1.097000E+2
6.562500E+2	-1.118100E+2
6.875000E+2	-1.071130E+2
7.187500E+2	-1.143910E+2
7.500000E+2	-1.135090E+2
7.812500E+2	-1.143910E+2
8.125000E+2	-1.143910E+2
8.437500E+2	-1.105170E+2
8.750000E+2	-1.044840E+2
9.062500E+2	-1.115930E+2
9.375000E+2	-1.098700E+2
9.687500E+2	-1.129980E+2
1.000000E+3	-1.143910E+2
1.031250E+3	-1.083650E+2
1.062500E+3	-1.121920E+2
1.093750E+3	-1.116220E+2
1.125000E+3	-1.060600E+2
1.156250E+3	-1.086530E+2
1.187500E+3	-1.143910E+2
1.218750E+3	-1.127920E+2
1.250000E+3	-1.061950E+2
1.281250E+3	-1.143910E+2
1.312500E+3	-9.973380E+1
1.343750E+3	-9.367790E+1
1.375000E+3	-9.595330E+1
1.406250E+3	-1.017500E+2
1.437500E+3	-1.082940E+2
1.468750E+3	-1.143910E+2
1.500000E+3	-1.124100E+2
1.531250E+3	-1.143270E+2
1.562500E+3	-1.143910E+2
1.593750E+3	-1.143910E+2
1.625000E+3	-1.143910E+2
1.656250E+3	-1.143910E+2
1.687500E+3	-1.120220E+2
1.718750E+3	-1.075070E+2
1.750000E+3	-1.094760E+2
1.781250E+3	-1.114100E+2
1.812500E+3	-1.078360E+2
1.843750E+3	-1.116280E+2
1.875000E+3	-1.143910E+2
1.906250E+3	-1.120220E+2
1.937500E+3	-1.143910E+2
1.968750E+3	-1.140560E+2
2.000000E+3	-1.010100E+2
2.031250E+3	-1.015920E+2
2.062500E+3	-1.076120E+2
2.093750E+3	-1.056130E+2
2.125000E+3	-1.104990E+2
2.156250E+3	-1.078590E+2
2.187500E+3	-1.054020E+2
2.218750E+3	-1.084000E+2
2.250000E+3	-1.112340E+2
2.281250E+3	-1.095110E+2
2.312500E+3	-1.127920E+2
2.343750E+3	-1.143910E+2
2.375000E+3	-1.143910E+2
2.406250E+3	-1.143910E+2
2.437500E+3	-1.143910E+2
2.468750E+3	-1.143910E+2
2.500000E+3	-1.131630E+2
2.531250E+3	-1.142440E+2
2.562500E+3	-1.120810E+2
2.593750E+3	-1.143910E+2
2.625000E+3	-9.140260E+1
2.656250E+3	-7.668620E+1
2.687500E+3	-7.048920E+1
2.718750E+3	-7.120650E+1
2.750000E+3	-7.876760E+1
2.781250E+3	-9.549470E+1
2.812500E+3	-1.143910E+2
2.843750E+3	-1.118100E+2
2.875000E+3	-1.116280E+2
2.906250E+3	-1.106230E+2
2.937500E+3	-1.143910E+2
2.968750E+3	-1.138270E+2
3.000000E+3	-1.096170E+2
3.031250E+3	-1.076120E+2
3.062500E+3	-1.143910E+2
3.093750E+3	-1.143910E+2
3.125000E+3	-1.029090E+2
3.156250E+3	-1.033380E+2
3.187500E+3	-1.098700E+2
3.218750E+3	-1.143910E+2
3.250000E+3	-1.098470E+2
3.281250E+3	-1.112110E+2
3.312500E+3	-1.134270E+2
3.343750E+3	-1.019330E+2
3.375000E+3	-9.872840E+1
3.406250E+3	-1.038670E+2
3.437500E+3	-1.092060E+2
3.468750E+3	-1.134270E+2
3.500000E+3	-1.088000E+2
3.531250E+3	-1.143910E+2
3.562500E+3	-1.143910E+2
3.593750E+3	-1.143910E+2
3.625000E+3	-1.103460E+2
3.656250E+3	-1.066780E+2
3.687500E+3	-1.078890E+2
3.718750E+3	-1.143910E+2
3.750000E+3	-1.082940E+2
3.781250E+3	-1.143910E+2
3.812500E+3	-1.127100E+2
3.843750E+3	-1.143910E+2
3.875000E+3	-1.143910E+2
3.906250E+3	-1.143910E+2
3.937500E+3	-1.143910E+2
3.968750E+3	-1.080940E+2
4.000000E+3	-9.451280E+1
4.031250E+3	-8.818060E+1
4.062500E+3	-8.775140E+1
4.093750E+3	-9.457160E+1
4.125000E+3	-1.013270E+2
4.156250E+3	-1.055310E+2
4.187500E+3	-1.098230E+2
4.218750E+3	-1.088000E+2
4.250000E+3	-1.089470E+2
4.281250E+3	-1.074180E+2
4.312500E+3	-1.104930E+2
4.343750E+3	-1.104930E+2
4.375000E+3	-1.093350E+2
4.406250E+3	-1.109580E+2
4.437500E+3	-1.143910E+2
4.468750E+3	-1.096410E+2
4.500000E+3	-1.052780E+2
4.531250E+3	-1.058660E+2
4.562500E+3	-1.114460E+2
4.593750E+3	-1.094590E+2
4.625000E+3	-1.051900E+2
4.656250E+3	-1.060010E+2
4.687500E+3	-1.022620E+2
4.718750E+3	-1.005160E+2
4.750000E+3	-1.030260E+2
4.781250E+3	-1.101520E+2
4.812500E+3	-1.131860E+2
4.843750E+3	-1.140560E+2
4.875000E+3	-1.127100E+2
4.906250E+3	-1.100350E+2
4.937500E+3	-1.119280E+2
4.968750E+3	-1.143910E+2
5.000000E+3	-1.143910E+2
5.031250E+3	-1.143910E+2
5.062500E+3	-1.128510E+2
5.093750E+3	-1.110220E+2
5.125000E+3	-1.073890E+2
5.156250E+3	-1.065310E+2
5.187500E+3	-1.088180E+2
5.218750E+3	-1.066780E+2
5.250000E+3	-1.080120E+2
5.281250E+3	-1.095110E+2
5.312500E+3	-9.096750E+1
5.343750E+3	-7.325850E+1
5.375000E+3	-6.413940E+1
5.406250E+3	-6.215800E+1
5.437500E+3	-6.687330E+1
5.468750E+3	-7.953780E+1
5.500000E+3	-1.086350E+2
5.531250E+3	-1.109580E+2
5.562500E+3	-1.081590E+2
5.593750E+3	-1.063250E+2
5.625000E+3	-1.143910E+2
5.656250E+3	-1.127920E+2
5.687500E+3	-1.069130E+2
5.718750E+3	-1.053430E+2
5.750000E+3	-1.126100E+2
5.781250E+3	-1.143910E+2
5.812500E+3	-1.060010E+2
5.843750E+3	-1.081060E+2
5.875000E+3	-1.138270E+2
5.906250E+3	-1.084180E+2
5.937500E+3	-1.113050E+2
5.968750E+3	-1.131980E+2
6.000000E+3	-1.084880E+2
6.031250E+3	-1.044550E+2
6.062500E+3	-1.036670E+2
6.093750E+3	-1.086530E+2
6.125000E+3	-1.124570E+2
6.156250E+3	-1.113050E+2
6.187500E+3	-1.078480E+2
6.218750E+3	-1.143910E+2
6.250000E+3	-1.043200E+2
6.281250E+3	-1.067480E+2
6.312500E+3	-1.081590E+2
6.343750E+3	-1.143910E+2
6.375000E+3	-1.118100E+2
6.406250E+3	-1.124570E+2
6.437500E+3	-1.143910E+2
6.468750E+3	-1.143910E+2
6.500000E+3	-1.134270E+2
6.531250E+3	-1.138680E+2
6.562500E+3	-1.069600E+2
6.593750E+3	-1.068600E+2
6.625000E+3	-1.111170E+2
6.656250E+3	-1.061950E+2
6.687500E+3	-1.014390E+2
6.718750E+3	-9.176710E+1
6.750000E+3	-8.994450E+1
6.781250E+3	-9.262550E+1
6.812500E+3	-1.014450E+2
6.843750E+3	-1.128510E+2
6.875000E+3	-1.070830E+2
6.906250E+3	-1.059250E+2
6.937500E+3	-1.061540E+2
6.968750E+3	-1.110460E+2
7.000000E+3	-1.088180E+2
7.031250E+3	-1.083060E+2
7.062500E+3	-1.068890E+2
7.093750E+3	-1.049610E+2
7.125000E+3	-1.017740E+2
7.156250E+3	-1.107460E+2
7.187500E+3	-1.087820E+2
7.218750E+3	-1.139920E+2
7.250000E+3	-1.124570E+2
7.281250E+3	-1.123450E+2
7.312500E+3	-1.095290E+2
7.343750E+3	-1.143910E+2
7.375000E+3	-1.099880E+2
7.406250E+3	-1.096820E+2
7.437500E+3	-1.100170E+2
7.468750E+3	-1.143910E+2
7.500000E+3	-1.143910E+2
7.531250E+3	-1.139920E+2
7.562500E+3	-1.091060E+2
7.593750E+3	-1.109580E+2
7.625000E+3	-1.112400E+2
7.656250E+3	-1.116570E+2
7.687500E+3	-1.143910E+2
7.718750E+3	-1.036320E+2
7.750000E+3	-1.069130E+2
7.781250E+3	-1.118100E+2
7.812500E+3	-1.091820E+2
7.843750E+3	-1.044960E+2
7.875000E+3	-1.115930E+2
7.906250E+3	-1.113050E+2
7.937500E+3	-1.085410E+2
7.968750E+3	-1.086350E+2
8.000000E+3	-1.116460E+2
8.031250E+3	-9.464220E+1
8.062500E+3	-8.304780E+1
8.093750E+3	-7.873820E+1
8.125000E+3	-8.063140E+1
8.156250E+3	-8.908610E+1
8.187500E+3	-1.074830E+2
8.218750E+3	-1.029910E+2
8.250000E+3	-1.143910E+2
8.281250E+3	-1.143910E+2
8.312500E+3	-1.093350E+2
8.343750E+3	-1.101760E+2
8.375000E+3	-1.143910E+2
8.406250E+3	-1.097820E+2
8.437500E+3	-1.143910E+2
8.468750E+3	-1.082300E+2
8.500000E+3	-1.143910E+2
8.531250E+3	-1.075540E+2
8.562500E+3	-1.076530E+2
8.593750E+3	-1.051610E+2
8.625000E+3	-1.143910E+2
8.656250E+3	-1.112110E+2
8.687500E+3	-1.047610E+2
8.718750E+3	-1.063660E+2
8.750000E+3	-1.076710E+2
8.781250E+3	-1.105760E+2
8.812500E+3	-1.094590E+2
8.843750E+3	-1.143910E+2
8.875000E+3	-1.143910E+2
8.906250E+3	-1.068890E+2
8.937500E+3	-1.050670E+2
8.968750E+3	-1.022970E+2
9.000000E+3	-1.052190E+2
9.031250E+3	-1.109580E+2
9.062500E+3	-1.049550E+2
9.093750E+3	-1.029620E+2
9.125000E+3	-1.143910E+2
9.156250E+3	-1.143910E+2
9.187500E+3	-1.143910E+2
9.218750E+3	-1.143910E+2
9.250000E+3	-1.128510E+2
9.281250E+3	-1.111170E+2
9.312500E+3	-1.076240E+2
9.343750E+3	-1.143270E+2
9.375000E+3	-1.084880E+2
9.406250E+3	-1.080940E+2
9.437500E+3	-1.035200E+2
9.468750E+3	-1.043430E+2
9.500000E+3	-1.111220E+2
9.531250E+3	-1.124570E+2
9.562500E+3	-1.143910E+2
9.593750E+3	-1.143910E+2
9.625000E+3	-1.143910E+2
9.656250E+3	-1.142440E+2
9.687500E+3	-1.101520E+2
9.718750E+3	-1.143910E+2
9.750000E+3	-1.143910E+2
9.781250E+3	-1.139920E+2
9.812500E+3	-1.143910E+2
9.843750E+3	-1.089180E+2
9.875000E+3	-1.125390E+2
9.906250E+3	-1.110220E+2
9.937500E+3	-1.131860E+2
9.968750E+3	-1.116570E+2
1.000000E+4	-1.124860E+2
1.003130E+4	-1.143910E+2
1.006250E+4	-1.143910E+2
1.009380E+4	-1.143910E+2
1.012500E+4	-1.143910E+2
1.015630E+4	-1.098230E+2
1.018750E+4	-1.138090E+2
1.021880E+4	-1.127100E+2
1.025000E+4	-1.100930E+2
1.028130E+4	-1.143910E+2
1.031250E+4	-1.110930E+2
1.034380E+4	-1.138680E+2
1.037500E+4	-1.112110E+2
1.040630E+4	-1.143910E+2
1.043750E+4	-1.143910E+2
1.046880E+4	-1.089820E+2
1.050000E+4	-1.110460E+2
1.053130E+4	-1.143910E+2
1.056250E+4	-1.143910E+2
1.059380E+4	-1.143910E+2
1.062500E+4	-1.068600E+2
1.065630E+4	-1.050370E+2
1.068750E+4	-1.085410E+2
1.071880E+4	-8.011980E+1
1.075000E+4	-6.368080E+1
1.078130E+4	-5.609620E+1
1.081250E+4	-5.546120E+1
1.084380E+4	-6.162880E+1
1.087500E+4	-7.602770E+1
1.090630E+4	-1.047080E+2
1.093750E+4	-1.143910E+2
1.096880E+4	-1.092060E+2
1.100000E+4	-1.079650E+2
1.103130E+4	-1.143910E+2
1.106250E+4	-1.121920E+2
1.109380E+4	-1.114460E+2
1.112500E+4	-1.116460E+2
1.115630E+4	-1.060600E+2
1.118750E+4	-1.143910E+2
1.121880E+4	-1.143910E+2
1.125000E+4	-1.143910E+2
1.128130E+4	-1.034670E+2
1.131250E+4	-1.026030E+2
1.134380E+4	-1.121920E+2
1.137500E+4	-1.076710E+2
1.140630E+4	-1.095290E+2
1.143750E+4	-1.045840E+2
1.146880E+4	-1.031730E+2
1.150000E+4	-1.025740E+2
1.153130E+4	-1.033910E+2
1.156250E+4	-1.101520E+2
1.159380E+4	-1.069130E+2
1.162500E+4	-1.096170E+2
1.165630E+4	-1.112110E+2
1.168750E+4	-1.121920E+2
1.171880E+4	-1.116220E+2
1.175000E+4	-1.092060E+2
1.178130E+4	-1.091940E+2
1.181250E+4	-1.143910E+2
1.184380E+4	-1.143910E+2
1.187500E+4	-1.143910E+2
1.190630E+4	-1.106640E+2
1.193750E+4	-1.134270E+2
1.196880E+4	-1.081710E+2
1.200000E+4	-1.101760E+2
1.203130E+4	-1.068190E+2
1.206250E+4	-1.143910E+2
1.209380E+4	-1.065540E+2
1.212500E+4	-9.884010E+1
1.215630E+4	-9.549470E+1
1.218750E+4	-9.939870E+1
1.221880E+4	-1.049900E+2
1.225000E+4	-1.037020E+2
1.228130E+4	-1.076530E+2
1.231250E+4	-1.134680E+2
1.234380E+4	-1.143270E+2
1.237500E+4	-1.101520E+2
1.240630E+4	-1.076120E+2
1.243750E+4	-1.102760E+2
1.246880E+4	-1.066660E+2
