0.000000E+0	-9.471650E+1
3.125000E+1	-9.835590E+1
6.250000E+1	-1.085040E+2
9.375000E+1	-1.105680E+2
1.250000E+2	-1.220970E+2
1.562500E+2	-1.173640E+2
1.875000E+2	-1.153360E+2
2.187500E+2	-1.141600E+2
2.500000E+2	-1.205220E+2
2.812500E+2	-1.157240E+2
3.125000E+2	-1.171940E+2
3.437500E+2	-1.182460E+2
3.750000E+2	-1.260310E+2
4.062500E+2	-1.204280E+2
4.375000E+2	-1.147480E+2
4.687500E+2	-1.140540E+2
5.000000E+2	-1.205570E+2
5.312500E+2	-1.214330E+2
5.625000E+2	-1.223800E+2
5.937500E+2	-1.269240E+2
6.250000E+2	-1.168410E+2
6.562500E+2	-1.159590E+2
6.875000E+2	-1.171880E+2
7.187500E+2	-1.149950E+2
7.500000E+2	-1.287820E+2
7.812500E+2	-1.265010E+2
8.125000E+2	-1.132550E+2
8.437500E+2	-1.104790E+2
8.750000E+2	-1.106970E+2
9.062500E+2	-1.157940E+2
9.375000E+2	-1.140310E+2
9.687500E+2	-1.227320E+2
1.000000E+3	-1.244260E+2
1.031250E+3	-1.170940E+2
1.062500E+3	-1.153950E+2
1.093750E+3	-1.236610E+2
1.125000E+3	-1.194220E+2
1.156250E+3	-1.136900E+2
1.187500E+3	-1.149180E+2
1.218750E+3	-1.143720E+2
1.250000E+3	-1.215620E+2
1.281250E+3	-1.178230E+2
1.312500E+3	-1.129550E+2
1.343750E+3	-1.112200E+2
1.375000E+3	-1.129550E+2
1.406250E+3	-1.130660E+2
1.437500E+3	-1.173230E+2
1.468750E+3	-1.182870E+2
1.500000E+3	-1.191630E+2
1.531250E+3	-1.144890E+2
1.562500E+3	-1.141420E+2
1.593750E+3	-1.171410E+2
1.625000E+3	-1.239080E+2
1.656250E+3	-1.109200E+2
1.687500E+3	-1.143600E+2
1.718750E+3	-1.190400E+2
1.750000E+3	-1.213390E+2
1.781250E+3	-1.157180E+2
1.812500E+3	-1.178230E+2
1.843750E+3	-1.134540E+2
1.875000E+3	-1.302930E+2
1.906250E+3	-1.228620E+2
1.937500E+3	-1.198570E+2
1.968750E+3	-1.326980E+2
2.000000E+3	-1.253310E+2
2.031250E+3	-1.248550E+2
2.062500E+3	-1.177050E+2
2.093750E+3	-1.208800E+2
2.125000E+3	-1.278590E+2
2.156250E+3	-1.176990E+2
2.187500E+3	-1.311990E+2
2.218750E+3	-1.194990E+2
2.250000E+3	-1.392950E+2
2.281250E+3	-1.179520E+2
2.312500E+3	-1.183930E+2
2.343750E+3	-1.171230E+2
2.375000E+3	-1.228030E+2
2.406250E+3	-1.315870E+2
2.437500E+3	-1.137950E+2
2.468750E+3	-1.140780E+2
2.500000E+3	-1.120490E+2
2.531250E+3	-1.186700E+2
2.562500E+3	-1.269300E+2
2.593750E+3	-1.317750E+2
2.625000E+3	-1.178820E+2
2.656250E+3	-1.190280E+2
2.687500E+3	-1.229970E+2
2.718750E+3	-1.248250E+2
2.750000E+3	-1.279360E+2
2.781250E+3	-1.207570E+2
2.812500E+3	-1.179640E+2
2.843750E+3	-1.183580E+2
2.875000E+3	-1.191160E+2
2.906250E+3	-1.269240E+2
2.937500E+3	-1.236320E+2
2.968750E+3	-1.163000E+2
3.000000E+3	-1.226790E+2
3.031250E+3	-1.246020E+2
3.062500E+3	-1.284710E+2
3.093750E+3	-1.233500E+2
3.125000E+3	-1.200450E+2
3.156250E+3	-1.185640E+2
3.187500E+3	-1.187220E+2
3.218750E+3	-1.164060E+2
3.250000E+3	-1.238380E+2
3.281250E+3	-1.275060E+2
3.312500E+3	-1.277180E+2
3.343750E+3	-1.228440E+2
3.375000E+3	-1.255370E+2
3.406250E+3	-1.276480E+2
3.437500E+3	-1.255900E+2
3.468750E+3	-1.318870E+2
3.500000E+3	-1.279360E+2
3.531250E+3	-1.155890E+2
3.562500E+3	-1.188580E+2
3.593750E+3	-1.133540E+2
3.625000E+3	-1.161770E+2
3.656250E+3	-1.202860E+2
3.687500E+3	-1.168000E+2
3.718750E+3	-1.171290E+2
3.750000E+3	-1.206510E+2
3.781250E+3	-1.176940E+2
3.812500E+3	-1.151710E+2
3.843750E+3	-1.152010E+2
3.875000E+3	-1.249020E+2
3.906250E+3	-1.221030E+2
3.937500E+3	-1.178410E+2
3.968750E+3	-1.272120E+2
4.000000E+3	-1.176640E+2
4.031250E+3	-1.230620E+2
4.062500E+3	-1.240730E+2
4.093750E+3	-1.154010E+2
4.125000E+3	-1.240900E+2
4.156250E+3	-1.212570E+2
4.187500E+3	-1.208740E+2
4.218750E+3	-1.268070E+2
4.250000E+3	-1.188580E+2
4.281250E+3	-1.146600E+2
4.312500E+3	-1.205750E+2
4.343750E+3	-1.194630E+2
4.375000E+3	-1.201280E+2
4.406250E+3	-1.281530E+2
4.437500E+3	-1.207160E+2
4.468750E+3	-1.194990E+2
4.500000E+3	-1.114500E+2
4.531250E+3	-1.157650E+2
4.562500E+3	-1.158590E+2
4.593750E+3	-1.148770E+2
4.625000E+3	-1.181580E+2
4.656250E+3	-1.133780E+2
4.687500E+3	-1.148770E+2
4.718750E+3	-1.176640E+2
4.750000E+3	-1.168700E+2
4.781250E+3	-1.268710E+2
4.812500E+3	-1.310050E+2
4.843750E+3	-1.130310E+2
4.875000E+3	-1.148480E+2
4.906250E+3	-1.216210E+2
4.937500E+3	-1.214860E+2
4.968750E+3	-1.237730E+2
5.000000E+3	-1.246960E+2
5.031250E+3	-1.242080E+2
5.062500E+3	-1.342740E+2
5.093750E+3	-1.290530E+2
5.125000E+3	-1.177820E+2
5.156250E+3	-1.202390E+2
5.187500E+3	-1.399120E+2
5.218750E+3	-1.320810E+2
5.250000E+3	-1.180520E+2
5.281250E+3	-1.186050E+2
5.312500E+3	-1.134780E+2
5.343750E+3	-1.169700E+2
5.375000E+3	-1.177460E+2
5.406250E+3	-1.227620E+2
5.437500E+3	-1.187050E+2
5.468750E+3	-1.228730E+2
5.500000E+3	-1.220800E+2
5.531250E+3	-1.221850E+2
5.562500E+3	-1.267710E+2
5.593750E+3	-1.366200E+2
5.625000E+3	-1.335560E+2
5.656250E+3	-1.212920E+2
5.687500E+3	-1.322100E+2
5.718750E+3	-1.263540E+2
5.750000E+3	-1.307050E+2
5.781250E+3	-1.177290E+2
5.812500E+3	-1.211210E+2
5.843750E+3	-1.275890E+2
5.875000E+3	-1.197810E+2
5.906250E+3	-1.185400E+2
5.937500E+3	-1.176290E+2
5.968750E+3	-1.201810E+2
6.000000E+3	-1.173580E+2
6.031250E+3	-1.229030E+2
6.062500E+3	-1.176580E+2
6.093750E+3	-1.158180E+2
6.125000E+3	-1.218090E+2
6.156250E+3	-1.206980E+2
6.187500E+3	-1.165240E+2
6.218750E+3	-1.174820E+2
6.250000E+3	-1.157060E+2
6.281250E+3	-1.190400E+2
6.312500E+3	-1.304990E+2
6.343750E+3	-1.348620E+2
6.375000E+3	-1.224440E+2
6.406250E+3	-1.192160E+2
6.437500E+3	-1.142480E+2
6.468750E+3	-1.175990E+2
6.500000E+3	-1.166650E+2
6.531250E+3	-1.206220E+2
6.562500E+3	-1.172290E+2
6.593750E+3	-1.168940E+2
6.625000E+3	-1.182820E+2
6.656250E+3	-1.187050E+2
6.687500E+3	-1.198100E+2
6.718750E+3	-1.155770E+2
6.750000E+3	-1.131720E+2
6.781250E+3	-1.180580E+2
6.812500E+3	-1.168410E+2
6.843750E+3	-1.180580E+2
6.875000E+3	-1.158360E+2
6.906250E+3	-1.212270E+2
6.937500E+3	-1.168290E+2
6.968750E+3	-1.150180E+2
7.000000E+3	-1.099910E+2
7.031250E+3	-1.165820E+2
7.062500E+3	-1.195810E+2
7.093750E+3	-1.186230E+2
7.125000E+3	-1.186750E+2
7.156250E+3	-1.189110E+2
7.187500E+3	-1.158470E+2
7.218750E+3	-1.132550E+2
7.250000E+3	-1.241490E+2
7.281250E+3	-1.203390E+2
7.312500E+3	-1.172170E+2
7.343750E+3	-1.157300E+2
7.375000E+3	-1.147480E+2
7.406250E+3	-1.079450E+2
7.437500E+3	-1.081160E+2
7.468750E+3	-1.118730E+2
7.500000E+3	-1.176760E+2
7.531250E+3	-1.133720E+2
7.562500E+3	-1.158770E+2
7.593750E+3	-1.147770E+2
7.625000E+3	-1.175000E+2
7.656250E+3	-1.228500E+2
7.687500E+3	-1.201630E+2
7.718750E+3	-1.175000E+2
7.750000E+3	-1.196280E+2
7.781250E+3	-1.116440E+2
7.812500E+3	-1.147770E+2
7.843750E+3	-1.115020E+2
7.875000E+3	-1.124200E+2
7.906250E+3	-1.144950E+2
7.937500E+3	-1.113440E+2
7.968750E+3	-1.126610E+2
8.000000E+3	-1.274650E+2
8.031250E+3	-1.304990E+2
8.062500E+3	-1.211270E+2
8.093750E+3	-1.185340E+2
8.125000E+3	-1.233500E+2
8.156250E+3	-1.256430E+2
8.187500E+3	-1.266420E+2
8.218750E+3	-1.250020E+2
8.250000E+3	-1.204860E+2
8.281250E+3	-1.250610E+2
8.312500E+3	-1.199570E+2
8.343750E+3	-1.114730E+2
8.375000E+3	-1.125730E+2
8.406250E+3	-1.267950E+2
8.437500E+3	-1.191810E+2
8.468750E+3	-1.113970E+2
8.500000E+3	-1.279530E+2
8.531250E+3	-1.260950E+2
8.562500E+3	-1.141070E+2
8.593750E+3	-1.117670E+2
8.625000E+3	-1.214920E+2
8.656250E+3	-1.277830E+2
8.687500E+3	-1.267300E+2
8.718750E+3	-1.158940E+2
8.750000E+3	-1.164590E+2
8.781250E+3	-1.290120E+2
8.812500E+3	-1.178880E+2
8.843750E+3	-1.233910E+2
8.875000E+3	-1.335040E+2
8.906250E+3	-1.182230E+2
8.937500E+3	-1.126610E+2
8.968750E+3	-1.202980E+2
9.000000E+3	-1.168000E+2
9.031250E+3	-1.177760E+2
9.062500E+3	-1.187280E+2
9.093750E+3	-1.146770E+2
9.125000E+3	-1.116490E+2
9.156250E+3	-1.185640E+2
9.187500E+3	-1.215510E+2
9.218750E+3	-1.261310E+2
9.250000E+3	-1.134720E+2
9.281250E+3	-1.142720E+2
9.312500E+3	-1.119140E+2
9.343750E+3	-1.129250E+2
9.375000E+3	-1.303340E+2
9.406250E+3	-1.223090E+2
9.437500E+3	-1.225030E+2
9.468750E+3	-1.224620E+2
9.500000E+3	-1.186930E+2
9.531250E+3	-1.136900E+2
9.562500E+3	-1.123260E+2
9.593750E+3	-1.148830E+2
9.625000E+3	-1.209740E+2
9.656250E+3	-1.229260E+2
9.687500E+3	-1.355320E+2
9.718750E+3	-1.242320E+2
9.750000E+3	-1.259420E+2
9.781250E+3	-1.192220E+2
9.812500E+3	-1.154830E+2
9.843750E+3	-1.181460E+2
9.875000E+3	-1.168350E+2
9.906250E+3	-1.209210E+2
9.937500E+3	-1.281530E+2
9.968750E+3	-1.182050E+2
1.000000E+4	-1.207160E+2
1.003130E+4	-1.212040E+2
1.006250E+4	-1.278650E+2
1.009380E+4	-1.258660E+2
1.012500E+4	-1.200040E+2
1.015630E+4	-1.158890E+2
1.018750E+4	-1.148950E+2
1.021880E+4	-1.140720E+2
1.025000E+4	-1.129430E+2
1.028130E+4	-1.131600E+2
1.031250E+4	-1.192750E+2
1.034380E+4	-1.205040E+2
1.037500E+4	-1.244550E+2
1.040630E+4	-1.188640E+2
1.043750E+4	-1.232140E+2
1.046880E+4	-1.182340E+2
1.050000E+4	-1.236610E+2
1.053130E+4	-1.230440E+2
1.056250E+4	-1.188930E+2
1.059380E+4	-1.188810E+2
1.062500E+4	-1.183990E+2
1.065630E+4	-1.222440E+2
1.068750E+4	-1.235730E+2
1.071880E+4	-9.180620E+1
1.075000E+4	-7.535530E+1
1.078130E+4	-6.775900E+1
1.081250E+4	-6.716520E+1
1.084380E+4	-7.333870E+1
1.087500E+4	-8.758470E+1
1.090630E+4	-1.144190E+2
1.093750E+4	-1.163820E+2
1.096880E+4	-1.159180E+2
1.100000E+4	-1.160300E+2
1.103130E+4	-1.150890E+2
1.106250E+4	-1.191340E+2
1.109380E+4	-1.175410E+2
1.112500E+4	-1.298640E+2
1.115630E+4	-1.261600E+2
1.118750E+4	-1.189400E+2
1.121880E+4	-1.202810E+2
1.125000E+4	-1.300990E+2
1.128130E+4	-1.212920E+2
1.131250E+4	-1.229150E+2
1.134380E+4	-1.227030E+2
1.137500E+4	-1.215510E+2
1.140630E+4	-1.375600E+2
1.143750E+4	-1.242730E+2
1.146880E+4	-1.231140E+2
1.150000E+4	-1.229790E+2
1.153130E+4	-1.391600E+2
1.156250E+4	-1.225970E+2
1.159380E+4	-1.210390E+2
1.162500E+4	-1.244780E+2
1.165630E+4	-1.191690E+2
1.168750E+4	-1.158830E+2
1.171880E+4	-1.203750E+2
1.175000E+4	-1.223740E+2
1.178130E+4	-1.266190E+2
1.181250E+4	-1.248310E+2
1.184380E+4	-1.290170E+2
1.187500E+4	-1.299230E+2
1.190630E+4	-1.164060E+2
1.193750E+4	-1.185810E+2
1.196880E+4	-1.273070E+2
1.200000E+4	-1.246780E+2
1.203130E+4	-1.200810E+2
1.206250E+4	-1.245960E+2
1.209380E+4	-1.208270E+2
1.212500E+4	-1.274010E+2
1.215630E+4	-1.214510E+2
1.218750E+4	-1.232030E+2
1.221880E+4	-1.225500E+2
1.225000E+4	-1.258780E+2
1.228130E+4	-1.289060E+2
1.231250E+4	-1.231910E+2
1.234380E+4	-1.195750E+2
1.237500E+4	-1.199280E+2
1.240630E+4	-1.179640E+2
1.243750E+4	-1.213270E+2
1.246880E+4	-1.178880E+2
