0.000000E+0	-1.038470E+2
3.125000E+1	-1.051700E+2
6.250000E+1	-1.177820E+2
9.375000E+1	-1.157360E+2
1.250000E+2	-1.134430E+2
1.562500E+2	-1.273300E+2
1.875000E+2	-1.292110E+2
2.187500E+2	-1.178110E+2
2.500000E+2	-1.281180E+2
2.812500E+2	-1.166470E+2
3.125000E+2	-1.274420E+2
3.437500E+2	-1.193280E+2
3.750000E+2	-1.182460E+2
4.062500E+2	-1.171000E+2
4.375000E+2	-1.140130E+2
4.687500E+2	-1.121610E+2
5.000000E+2	-1.129250E+2
5.312500E+2	-1.119200E+2
5.625000E+2	-1.129660E+2
5.937500E+2	-1.186170E+2
6.250000E+2	-1.143540E+2
6.562500E+2	-1.165470E+2
6.875000E+2	-1.160940E+2
7.187500E+2	-1.157120E+2
7.500000E+2	-1.196570E+2
7.812500E+2	-1.203860E+2
8.125000E+2	-1.173580E+2
8.437500E+2	-1.198810E+2
8.750000E+2	-1.155480E+2
9.062500E+2	-1.186810E+2
9.375000E+2	-1.200920E+2
9.687500E+2	-1.273360E+2
1.000000E+3	-1.287410E+2
1.031250E+3	-1.152360E+2
1.062500E+3	-1.186700E+2
1.093750E+3	-1.273360E+2
1.125000E+3	-1.158940E+2
1.156250E+3	-1.134600E+2
1.187500E+3	-1.159890E+2
1.218750E+3	-1.126310E+2
1.250000E+3	-1.248720E+2
1.281250E+3	-1.202160E+2
1.312500E+3	-1.150180E+2
1.343750E+3	-1.141480E+2
1.375000E+3	-1.132080E+2
1.406250E+3	-1.127020E+2
1.437500E+3	-1.191280E+2
1.468750E+3	-1.149420E+2
1.500000E+3	-1.188280E+2
1.531250E+3	-1.238260E+2
1.562500E+3	-1.280240E+2
1.593750E+3	-1.200280E+2
1.625000E+3	-1.285820E+2
1.656250E+3	-1.148660E+2
1.687500E+3	-1.172000E+2
1.718750E+3	-1.126720E+2
1.750000E+3	-1.198450E+2
1.781250E+3	-1.173880E+2
1.812500E+3	-1.148770E+2
1.843750E+3	-1.148070E+2
1.875000E+3	-1.167060E+2
1.906250E+3	-1.146770E+2
1.937500E+3	-1.185810E+2
1.968750E+3	-1.198220E+2
2.000000E+3	-1.141540E+2
2.031250E+3	-1.150360E+2
2.062500E+3	-1.175230E+2
2.093750E+3	-1.118790E+2
2.125000E+3	-1.152890E+2
2.156250E+3	-1.322340E+2
2.187500E+3	-1.214040E+2
2.218750E+3	-1.096090E+2
2.250000E+3	-1.097800E+2
2.281250E+3	-1.177460E+2
2.312500E+3	-1.176940E+2
2.343750E+3	-1.246840E+2
2.375000E+3	-1.137370E+2
2.406250E+3	-1.158120E+2
2.437500E+3	-1.199980E+2
2.468750E+3	-1.206510E+2
2.500000E+3	-1.225270E+2
2.531250E+3	-1.229850E+2
2.562500E+3	-1.200510E+2
2.593750E+3	-1.269420E+2
2.625000E+3	-1.302990E+2
2.656250E+3	-1.176580E+2
2.687500E+3	-1.180290E+2
2.718750E+3	-1.276480E+2
2.750000E+3	-1.200980E+2
2.781250E+3	-1.209510E+2
2.812500E+3	-1.303760E+2
2.843750E+3	-1.226210E+2
2.875000E+3	-1.303400E+2
2.906250E+3	-1.234080E+2
2.937500E+3	-1.195870E+2
2.968750E+3	-1.230090E+2
3.000000E+3	-1.240320E+2
3.031250E+3	-1.165710E+2
3.062500E+3	-1.242200E+2
3.093750E+3	-1.186170E+2
3.125000E+3	-1.192630E+2
3.156250E+3	-1.195040E+2
3.187500E+3	-1.354440E+2
3.218750E+3	-1.154650E+2
3.250000E+3	-1.148770E+2
3.281250E+3	-1.264190E+2
3.312500E+3	-1.285760E+2
3.343750E+3	-1.182580E+2
3.375000E+3	-1.189050E+2
3.406250E+3	-1.197460E+2
3.437500E+3	-1.187810E+2
3.468750E+3	-1.178230E+2
3.500000E+3	-1.190220E+2
3.531250E+3	-1.274060E+2
3.562500E+3	-1.168000E+2
3.593750E+3	-1.158240E+2
3.625000E+3	-1.235550E+2
3.656250E+3	-1.213090E+2
3.687500E+3	-1.217860E+2
3.718750E+3	-1.178520E+2
3.750000E+3	-1.224790E+2
3.781250E+3	-1.176760E+2
3.812500E+3	-1.171470E+2
3.843750E+3	-1.159240E+2
3.875000E+3	-1.169700E+2
3.906250E+3	-1.159890E+2
3.937500E+3	-1.210040E+2
3.968750E+3	-1.174820E+2
4.000000E+3	-1.142830E+2
4.031250E+3	-1.137660E+2
4.062500E+3	-1.175000E+2
4.093750E+3	-1.204750E+2
4.125000E+3	-1.261890E+2
4.156250E+3	-1.175940E+2
4.187500E+3	-1.183520E+2
4.218750E+3	-1.199450E+2
4.250000E+3	-1.221210E+2
4.281250E+3	-1.279530E+2
4.312500E+3	-1.206040E+2
4.343750E+3	-1.174470E+2
4.375000E+3	-1.165410E+2
4.406250E+3	-1.166650E+2
4.437500E+3	-1.188810E+2
4.468750E+3	-1.219150E+2
4.500000E+3	-1.233200E+2
4.531250E+3	-1.313520E+2
4.562500E+3	-1.169350E+2
4.593750E+3	-1.255720E+2
4.625000E+3	-1.305460E+2
4.656250E+3	-1.196980E+2
4.687500E+3	-1.311460E+2
4.718750E+3	-1.139370E+2
4.750000E+3	-1.252190E+2
4.781250E+3	-1.251610E+2
4.812500E+3	-1.233610E+2
4.843750E+3	-1.213040E+2
4.875000E+3	-1.261540E+2
4.906250E+3	-1.201390E+2
4.937500E+3	-1.225970E+2
4.968750E+3	-1.262130E+2
5.000000E+3	-1.198870E+2
5.031250E+3	-1.209570E+2
5.062500E+3	-1.211040E+2
5.093750E+3	-1.185640E+2
5.125000E+3	-1.175880E+2
5.156250E+3	-1.229730E+2
5.187500E+3	-1.185230E+2
5.218750E+3	-1.175110E+2
5.250000E+3	-1.177760E+2
5.281250E+3	-1.155890E+2
5.312500E+3	-1.204100E+2
5.343750E+3	-1.244960E+2
5.375000E+3	-1.217390E+2
5.406250E+3	-1.243490E+2
5.437500E+3	-1.230260E+2
5.468750E+3	-1.207160E+2
5.500000E+3	-1.169120E+2
5.531250E+3	-1.215980E+2
5.562500E+3	-1.250190E+2
5.593750E+3	-1.218440E+2
5.625000E+3	-1.158360E+2
5.656250E+3	-1.193930E+2
5.687500E+3	-1.171170E+2
5.718750E+3	-1.137190E+2
5.750000E+3	-1.366020E+2
5.781250E+3	-1.229620E+2
5.812500E+3	-1.130960E+2
5.843750E+3	-1.193220E+2
5.875000E+3	-1.247310E+2
5.906250E+3	-1.197690E+2
5.937500E+3	-1.151600E+2
5.968750E+3	-1.140720E+2
6.000000E+3	-1.179990E+2
6.031250E+3	-1.161530E+2
6.062500E+3	-1.160060E+2
6.093750E+3	-1.152890E+2
6.125000E+3	-1.150180E+2
6.156250E+3	-1.156120E+2
6.187500E+3	-1.168410E+2
6.218750E+3	-1.211980E+2
6.250000E+3	-1.155770E+2
6.281250E+3	-1.172880E+2
6.312500E+3	-1.204220E+2
6.343750E+3	-1.173820E+2
6.375000E+3	-1.164710E+2
6.406250E+3	-1.166470E+2
6.437500E+3	-1.206510E+2
6.468750E+3	-1.187930E+2
6.500000E+3	-1.297230E+2
6.531250E+3	-1.273480E+2
6.562500E+3	-1.219440E+2
6.593750E+3	-1.253130E+2
6.625000E+3	-1.183050E+2
6.656250E+3	-1.256900E+2
6.687500E+3	-1.161000E+2
6.718750E+3	-1.230730E+2
6.750000E+3	-1.239610E+2
6.781250E+3	-1.223380E+2
6.812500E+3	-1.213980E+2
6.843750E+3	-1.166180E+2
6.875000E+3	-1.205860E+2
6.906250E+3	-1.162530E+2
6.937500E+3	-1.287230E+2
6.968750E+3	-1.230090E+2
7.000000E+3	-1.156530E+2
7.031250E+3	-1.152070E+2
7.062500E+3	-1.185990E+2
7.093750E+3	-1.231090E+2
7.125000E+3	-1.143250E+2
7.156250E+3	-1.130780E+2
7.187500E+3	-1.141950E+2
7.218750E+3	-1.171470E+2
7.250000E+3	-1.115610E+2
7.281250E+3	-1.131550E+2
7.312500E+3	-1.175940E+2
7.343750E+3	-1.229440E+2
7.375000E+3	-1.218500E+2
7.406250E+3	-1.153360E+2
7.437500E+3	-1.149830E+2
7.468750E+3	-1.168470E+2
7.500000E+3	-1.204630E+2
7.531250E+3	-1.187050E+2
7.562500E+3	-1.169170E+2
7.593750E+3	-1.146300E+2
7.625000E+3	-1.151650E+2
7.656250E+3	-1.160940E+2
7.687500E+3	-1.170940E+2
7.718750E+3	-1.165530E+2
7.750000E+3	-1.227260E+2
7.781250E+3	-1.186050E+2
7.812500E+3	-1.288700E+2
7.843750E+3	-1.200980E+2
7.875000E+3	-1.130310E+2
7.906250E+3	-1.141480E+2
7.937500E+3	-1.201280E+2
7.968750E+3	-1.224210E+2
8.000000E+3	-1.208800E+2
8.031250E+3	-1.143300E+2
8.062500E+3	-1.140250E+2
8.093750E+3	-1.207270E+2
8.125000E+3	-1.198570E+2
8.156250E+3	-1.182460E+2
8.187500E+3	-1.188520E+2
8.218750E+3	-1.188400E+2
8.250000E+3	-1.253840E+2
8.281250E+3	-1.242550E+2
8.312500E+3	-1.144830E+2
8.343750E+3	-1.132600E+2
8.375000E+3	-1.197980E+2
8.406250E+3	-1.245730E+2
8.437500E+3	-1.225500E+2
8.468750E+3	-1.204040E+2
8.500000E+3	-1.168350E+2
8.531250E+3	-1.199450E+2
8.562500E+3	-1.258250E+2
8.593750E+3	-1.213450E+2
8.625000E+3	-1.154710E+2
8.656250E+3	-1.185640E+2
8.687500E+3	-1.141070E+2
8.718750E+3	-1.264780E+2
8.750000E+3	-1.165120E+2
8.781250E+3	-1.126720E+2
8.812500E+3	-1.167880E+2
8.843750E+3	-1.153590E+2
8.875000E+3	-1.133600E+2
8.906250E+3	-1.200750E+2
8.937500E+3	-1.167760E+2
8.968750E+3	-1.147830E+2
9.000000E+3	-1.124610E+2
9.031250E+3	-1.110140E+2
9.062500E+3	-1.119320E+2
9.093750E+3	-1.190870E+2
9.125000E+3	-1.206920E+2
9.156250E+3	-1.161940E+2
9.187500E+3	-1.148710E+2
9.218750E+3	-1.138840E+2
9.250000E+3	-1.133600E+2
9.281250E+3	-1.192280E+2
9.312500E+3	-1.269360E+2
9.343750E+3	-1.212510E+2
9.375000E+3	-1.189220E+2
9.406250E+3	-1.164120E+2
9.437500E+3	-1.177580E+2
9.468750E+3	-1.190340E+2
9.500000E+3	-1.265300E+2
9.531250E+3	-1.200690E+2
9.562500E+3	-1.138070E+2
9.593750E+3	-1.148890E+2
9.625000E+3	-1.183400E+2
9.656250E+3	-1.195870E+2
9.687500E+3	-1.190220E+2
9.718750E+3	-1.144190E+2
9.750000E+3	-1.165000E+2
9.781250E+3	-1.249900E+2
9.812500E+3	-1.378480E+2
9.843750E+3	-1.123430E+2
9.875000E+3	-1.131840E+2
9.906250E+3	-1.232730E+2
9.937500E+3	-1.249370E+2
9.968750E+3	-1.198870E+2
1.000000E+4	-1.163470E+2
1.003130E+4	-1.258840E+2
1.006250E+4	-1.342440E+2
1.009380E+4	-1.367200E+2
1.012500E+4	-1.257600E+2
1.015630E+4	-1.234670E+2
1.018750E+4	-1.182700E+2
1.021880E+4	-1.269070E+2
1.025000E+4	-1.224910E+2
1.028130E+4	-1.350730E+2
1.031250E+4	-1.135660E+2
1.034380E+4	-1.215560E+2
1.037500E+4	-1.193810E+2
1.040630E+4	-1.304870E+2
1.043750E+4	-1.230260E+2
1.046880E+4	-1.265420E+2
1.050000E+4	-1.221620E+2
1.053130E+4	-1.149710E+2
1.056250E+4	-1.203390E+2
1.059380E+4	-1.219680E+2
1.062500E+4	-1.212920E+2
1.065630E+4	-1.212680E+2
1.068750E+4	-1.241430E+2
1.071880E+4	-8.927210E+1
1.075000E+4	-7.282720E+1
1.078130E+4	-6.528380E+1
1.081250E+4	-6.467230E+1
1.084380E+4	-7.083400E+1
1.087500E+4	-8.493890E+1
1.090630E+4	-1.082390E+2
1.093750E+4	-1.228200E+2
1.096880E+4	-1.209680E+2
1.100000E+4	-1.295880E+2
1.103130E+4	-1.135190E+2
1.106250E+4	-1.141540E+2
1.109380E+4	-1.209160E+2
1.112500E+4	-1.192870E+2
1.115630E+4	-1.209390E+2
1.118750E+4	-1.184520E+2
1.121880E+4	-1.228030E+2
1.125000E+4	-1.298760E+2
1.128130E+4	-1.289000E+2
1.131250E+4	-1.281650E+2
1.134380E+4	-1.278360E+2
1.137500E+4	-1.226260E+2
1.140630E+4	-1.229030E+2
1.143750E+4	-1.219090E+2
1.146880E+4	-1.161470E+2
1.150000E+4	-1.168940E+2
1.153130E+4	-1.293880E+2
1.156250E+4	-1.365840E+2
1.159380E+4	-1.175940E+2
1.162500E+4	-1.213980E+2
1.165630E+4	-1.183870E+2
1.168750E+4	-1.186930E+2
1.171880E+4	-1.172940E+2
1.175000E+4	-1.162350E+2
1.178130E+4	-1.282770E+2
1.181250E+4	-1.259720E+2
1.184380E+4	-1.136480E+2
1.187500E+4	-1.171820E+2
1.190630E+4	-1.251430E+2
1.193750E+4	-1.327510E+2
1.196880E+4	-1.323750E+2
1.200000E+4	-1.190050E+2
1.203130E+4	-1.155890E+2
1.206250E+4	-1.186700E+2
1.209380E+4	-1.195810E+2
1.212500E+4	-1.261950E+2
1.215630E+4	-1.253020E+2
1.218750E+4	-1.226090E+2
1.221880E+4	-1.238960E+2
1.225000E+4	-1.211980E+2
1.228130E+4	-1.238790E+2
1.231250E+4	-1.161650E+2
1.234380E+4	-1.157650E+2
1.237500E+4	-1.266660E+2
1.240630E+4	-1.202040E+2
1.243750E+4	-1.245960E+2
1.246880E+4	-1.309340E+2
