0.000000E+0	-9.510450E+1
3.125000E+1	-1.005610E+2
6.250000E+1	-1.161530E+2
9.375000E+1	-1.257480E+2
1.250000E+2	-1.181170E+2
1.562500E+2	-1.166290E+2
1.875000E+2	-1.163000E+2
2.187500E+2	-1.184400E+2
2.500000E+2	-1.145660E+2
2.812500E+2	-1.159180E+2
3.125000E+2	-1.157830E+2
3.437500E+2	-1.148300E+2
3.750000E+2	-1.143300E+2
4.062500E+2	-1.169700E+2
4.375000E+2	-1.163300E+2
4.687500E+2	-1.496430E+2
5.000000E+2	-1.216090E+2
5.312500E+2	-1.192930E+2
5.625000E+2	-1.280650E+2
5.937500E+2	-1.214040E+2
6.250000E+2	-1.125780E+2
6.562500E+2	-1.124200E+2
6.875000E+2	-1.200280E+2
7.187500E+2	-1.252600E+2
7.500000E+2	-1.130430E+2
7.812500E+2	-1.143250E+2
8.125000E+2	-1.324040E+2
8.437500E+2	-1.337500E+2
8.750000E+2	-1.140250E+2
9.062500E+2	-1.215560E+2
9.375000E+2	-1.228500E+2
9.687500E+2	-1.142950E+2
1.000000E+3	-1.213800E+2
1.031250E+3	-1.223910E+2
1.062500E+3	-1.152300E+2
1.093750E+3	-1.168000E+2
1.125000E+3	-1.151420E+2
1.156250E+3	-1.123730E+2
1.187500E+3	-1.166350E+2
1.218750E+3	-1.128430E+2
1.250000E+3	-1.102620E+2
1.281250E+3	-1.196810E+2
1.312500E+3	-1.128140E+2
1.343750E+3	-1.247720E+2
1.375000E+3	-1.192930E+2
1.406250E+3	-1.134190E+2
1.437500E+3	-1.246780E+2
1.468750E+3	-1.165530E+2
1.500000E+3	-1.191520E+2
1.531250E+3	-1.188810E+2
1.562500E+3	-1.274830E+2
1.593750E+3	-1.278650E+2
1.625000E+3	-1.198980E+2
1.656250E+3	-1.187520E+2
1.687500E+3	-1.125370E+2
1.718750E+3	-1.125200E+2
1.750000E+3	-1.262480E+2
1.781250E+3	-1.160940E+2
1.812500E+3	-1.179580E+2
1.843750E+3	-1.174470E+2
1.875000E+3	-1.188810E+2
1.906250E+3	-1.181110E+2
1.937500E+3	-1.202160E+2
1.968750E+3	-1.222850E+2
2.000000E+3	-1.173700E+2
2.031250E+3	-1.190160E+2
2.062500E+3	-1.208210E+2
2.093750E+3	-1.141010E+2
2.125000E+3	-1.192340E+2
2.156250E+3	-1.285120E+2
2.187500E+3	-1.270480E+2
2.218750E+3	-1.185520E+2
2.250000E+3	-1.178930E+2
2.281250E+3	-1.344210E+2
2.312500E+3	-1.241730E+2
2.343750E+3	-1.233380E+2
2.375000E+3	-1.247080E+2
2.406250E+3	-1.168530E+2
2.437500E+3	-1.117440E+2
2.468750E+3	-1.117380E+2
2.500000E+3	-1.135070E+2
2.531250E+3	-1.295640E+2
2.562500E+3	-1.208510E+2
2.593750E+3	-1.152770E+2
2.625000E+3	-9.060090E+1
2.656250E+3	-7.629610E+1
2.687500E+3	-7.015790E+1
2.718750E+3	-7.085160E+1
2.750000E+3	-7.837740E+1
2.781250E+3	-9.461660E+1
2.812500E+3	-1.122960E+2
2.843750E+3	-1.135370E+2
2.875000E+3	-1.195930E+2
2.906250E+3	-1.192580E+2
2.937500E+3	-1.260540E+2
2.968750E+3	-1.133960E+2
3.000000E+3	-1.157890E+2
3.031250E+3	-1.176990E+2
3.062500E+3	-1.198750E+2
3.093750E+3	-1.180170E+2
3.125000E+3	-1.180700E+2
3.156250E+3	-1.157470E+2
3.187500E+3	-1.157470E+2
3.218750E+3	-1.165180E+2
3.250000E+3	-1.170230E+2
3.281250E+3	-1.193100E+2
3.312500E+3	-1.150540E+2
3.343750E+3	-1.144420E+2
3.375000E+3	-1.171230E+2
3.406250E+3	-1.273830E+2
3.437500E+3	-1.241730E+2
3.468750E+3	-1.277120E+2
3.500000E+3	-1.263830E+2
3.531250E+3	-1.165060E+2
3.562500E+3	-1.169820E+2
3.593750E+3	-1.216150E+2
3.625000E+3	-1.265130E+2
3.656250E+3	-1.223970E+2
3.687500E+3	-1.187110E+2
3.718750E+3	-1.328980E+2
3.750000E+3	-1.158240E+2
3.781250E+3	-1.163470E+2
3.812500E+3	-1.180110E+2
3.843750E+3	-1.243550E+2
3.875000E+3	-1.302520E+2
3.906250E+3	-1.213800E+2
3.937500E+3	-1.231260E+2
3.968750E+3	-1.222210E+2
4.000000E+3	-1.199870E+2
4.031250E+3	-1.182700E+2
4.062500E+3	-1.204100E+2
4.093750E+3	-1.239020E+2
4.125000E+3	-1.239670E+2
4.156250E+3	-1.208040E+2
4.187500E+3	-1.215330E+2
4.218750E+3	-1.200510E+2
4.250000E+3	-1.254660E+2
4.281250E+3	-1.341620E+2
4.312500E+3	-1.164770E+2
4.343750E+3	-1.145540E+2
4.375000E+3	-1.129430E+2
4.406250E+3	-1.172820E+2
4.437500E+3	-1.151890E+2
4.468750E+3	-1.191400E+2
4.500000E+3	-1.198160E+2
4.531250E+3	-1.143950E+2
4.562500E+3	-1.143950E+2
4.593750E+3	-1.188580E+2
4.625000E+3	-1.280830E+2
4.656250E+3	-1.235020E+2
4.687500E+3	-1.265660E+2
4.718750E+3	-1.257720E+2
4.750000E+3	-1.160240E+2
4.781250E+3	-1.146600E+2
4.812500E+3	-1.155650E+2
4.843750E+3	-1.282240E+2
4.875000E+3	-1.293940E+2
4.906250E+3	-1.155180E+2
4.937500E+3	-1.228790E+2
4.968750E+3	-1.293820E+2
5.000000E+3	-1.229670E+2
5.031250E+3	-1.194160E+2
5.062500E+3	-1.181400E+2
5.093750E+3	-1.189400E+2
5.125000E+3	-1.188340E+2
5.156250E+3	-1.168000E+2
5.187500E+3	-1.183400E+2
5.218750E+3	-1.220740E+2
5.250000E+3	-1.180820E+2
5.281250E+3	-1.201690E+2
5.312500E+3	-9.108890E+1
5.343750E+3	-7.258610E+1
5.375000E+3	-6.344940E+1
5.406250E+3	-6.147390E+1
5.437500E+3	-6.619510E+1
5.468750E+3	-7.867140E+1
5.500000E+3	-1.039650E+2
5.531250E+3	-1.138250E+2
5.562500E+3	-1.244610E+2
5.593750E+3	-1.212450E+2
5.625000E+3	-1.184810E+2
5.656250E+3	-1.179760E+2
5.687500E+3	-1.169000E+2
5.718750E+3	-1.186520E+2
5.750000E+3	-1.244430E+2
5.781250E+3	-1.196160E+2
5.812500E+3	-1.230620E+2
5.843750E+3	-1.200280E+2
5.875000E+3	-1.219860E+2
5.906250E+3	-1.377370E+2
5.937500E+3	-1.256250E+2
5.968750E+3	-1.198920E+2
6.000000E+3	-1.143070E+2
6.031250E+3	-1.109500E+2
6.062500E+3	-1.280240E+2
6.093750E+3	-1.215740E+2
6.125000E+3	-1.199040E+2
6.156250E+3	-1.135070E+2
6.187500E+3	-1.143070E+2
6.218750E+3	-1.160060E+2
6.250000E+3	-1.199400E+2
6.281250E+3	-1.236850E+2
6.312500E+3	-1.138250E+2
6.343750E+3	-1.133490E+2
6.375000E+3	-1.151770E+2
6.406250E+3	-1.162060E+2
6.437500E+3	-1.172230E+2
6.468750E+3	-1.146360E+2
6.500000E+3	-1.233260E+2
6.531250E+3	-1.404410E+2
6.562500E+3	-1.250900E+2
6.593750E+3	-1.166590E+2
6.625000E+3	-1.129370E+2
6.656250E+3	-1.159360E+2
6.687500E+3	-1.158830E+2
6.718750E+3	-1.248670E+2
6.750000E+3	-1.138480E+2
6.781250E+3	-1.133600E+2
6.812500E+3	-1.117730E+2
6.843750E+3	-1.118430E+2
6.875000E+3	-1.223030E+2
6.906250E+3	-1.221620E+2
6.937500E+3	-1.165650E+2
6.968750E+3	-1.186990E+2
7.000000E+3	-1.185280E+2
7.031250E+3	-1.173230E+2
7.062500E+3	-1.169880E+2
7.093750E+3	-1.198040E+2
7.125000E+3	-1.218390E+2
7.156250E+3	-1.225270E+2
7.187500E+3	-1.199400E+2
7.218750E+3	-1.189110E+2
7.250000E+3	-1.182230E+2
7.281250E+3	-1.259420E+2
7.312500E+3	-1.231500E+2
7.343750E+3	-1.166410E+2
7.375000E+3	-1.114610E+2
7.406250E+3	-1.124960E+2
7.437500E+3	-1.174050E+2
7.468750E+3	-1.202280E+2
7.500000E+3	-1.281000E+2
7.531250E+3	-1.219860E+2
7.562500E+3	-1.194930E+2
7.593750E+3	-1.203510E+2
7.625000E+3	-1.379660E+2
7.656250E+3	-1.193400E+2
7.687500E+3	-1.138540E+2
7.718750E+3	-1.168000E+2
7.750000E+3	-1.214860E+2
7.781250E+3	-1.220560E+2
7.812500E+3	-1.288700E+2
7.843750E+3	-1.236440E+2
7.875000E+3	-1.208100E+2
7.906250E+3	-1.217150E+2
7.937500E+3	-1.129720E+2
7.968750E+3	-1.131190E+2
8.000000E+3	-1.166940E+2
8.031250E+3	-9.585710E+1
8.062500E+3	-8.231080E+1
8.093750E+3	-7.756600E+1
8.125000E+3	-7.964150E+1
8.156250E+3	-8.883700E+1
8.187500E+3	-1.152950E+2
8.218750E+3	-1.121840E+2
8.250000E+3	-1.129720E+2
8.281250E+3	-1.177940E+2
8.312500E+3	-1.219210E+2
8.343750E+3	-1.172000E+2
8.375000E+3	-1.165820E+2
8.406250E+3	-1.157770E+2
8.437500E+3	-1.172230E+2
8.468750E+3	-1.205860E+2
8.500000E+3	-1.203690E+2
8.531250E+3	-1.104790E+2
8.562500E+3	-1.144360E+2
8.593750E+3	-1.212510E+2
8.625000E+3	-1.226620E+2
8.656250E+3	-1.221090E+2
8.687500E+3	-1.185400E+2
8.718750E+3	-1.150420E+2
8.750000E+3	-1.179230E+2
8.781250E+3	-1.178820E+2
8.812500E+3	-1.121840E+2
8.843750E+3	-1.160940E+2
8.875000E+3	-1.186930E+2
8.906250E+3	-1.101330E+2
8.937500E+3	-1.066640E+2
8.968750E+3	-1.214800E+2
9.000000E+3	-1.231500E+2
9.031250E+3	-1.136310E+2
9.062500E+3	-1.154530E+2
9.093750E+3	-1.273830E+2
9.125000E+3	-1.171350E+2
9.156250E+3	-1.135720E+2
9.187500E+3	-1.253190E+2
9.218750E+3	-1.259190E+2
9.250000E+3	-1.322450E+2
9.281250E+3	-1.316690E+2
9.312500E+3	-1.161650E+2
9.343750E+3	-1.154120E+2
9.375000E+3	-1.180050E+2
9.406250E+3	-1.215740E+2
9.437500E+3	-1.276710E+2
9.468750E+3	-1.152360E+2
9.500000E+3	-1.158300E+2
9.531250E+3	-1.185870E+2
9.562500E+3	-1.149240E+2
9.593750E+3	-1.156710E+2
9.625000E+3	-1.156000E+2
9.656250E+3	-1.164290E+2
9.687500E+3	-1.219210E+2
9.718750E+3	-1.166410E+2
9.750000E+3	-1.177990E+2
9.781250E+3	-1.212390E+2
9.812500E+3	-1.226850E+2
9.843750E+3	-1.240610E+2
9.875000E+3	-1.243730E+2
9.906250E+3	-1.231030E+2
9.937500E+3	-1.249310E+2
9.968750E+3	-1.242020E+2
1.000000E+4	-1.171940E+2
1.003130E+4	-1.206740E+2
1.006250E+4	-1.128020E+2
1.009380E+4	-1.127960E+2
1.012500E+4	-1.146660E+2
1.015630E+4	-1.200630E+2
1.018750E+4	-1.269360E+2
1.021880E+4	-1.220030E+2
1.025000E+4	-1.199100E+2
1.028130E+4	-1.218150E+2
1.031250E+4	-1.264190E+2
1.034380E+4	-1.207510E+2
1.037500E+4	-1.226730E+2
1.040630E+4	-1.260780E+2
1.043750E+4	-1.279940E+2
1.046880E+4	-1.212150E+2
1.050000E+4	-1.309170E+2
1.053130E+4	-1.244490E+2
1.056250E+4	-1.268190E+2
1.059380E+4	-1.466320E+2
1.062500E+4	-1.231200E+2
1.065630E+4	-1.156000E+2
1.068750E+4	-1.118140E+2
1.071880E+4	-8.014710E+1
1.075000E+4	-6.363160E+1
1.078130E+4	-5.606470E+1
1.081250E+4	-5.543560E+1
1.084380E+4	-6.160320E+1
1.087500E+4	-7.607260E+1
1.090630E+4	-1.052760E+2
1.093750E+4	-1.228730E+2
1.096880E+4	-1.199450E+2
1.100000E+4	-1.196980E+2
1.103130E+4	-1.175940E+2
1.106250E+4	-1.196810E+2
1.109380E+4	-1.266660E+2
1.112500E+4	-1.295940E+2
1.115630E+4	-1.227380E+2
1.118750E+4	-1.292590E+2
1.121880E+4	-1.316810E+2
1.125000E+4	-1.246490E+2
1.128130E+4	-1.238200E+2
1.131250E+4	-1.244840E+2
1.134380E+4	-1.189640E+2
1.137500E+4	-1.184170E+2
1.140630E+4	-1.148660E+2
1.143750E+4	-1.173000E+2
1.146880E+4	-1.168650E+2
1.150000E+4	-1.212740E+2
1.153130E+4	-1.223850E+2
1.156250E+4	-1.265300E+2
1.159380E+4	-1.269830E+2
1.162500E+4	-1.302520E+2
1.165630E+4	-1.241140E+2
1.168750E+4	-1.235610E+2
1.171880E+4	-1.331570E+2
1.175000E+4	-1.194400E+2
1.178130E+4	-1.170590E+2
1.181250E+4	-1.218740E+2
1.184380E+4	-1.205040E+2
1.187500E+4	-1.233670E+2
1.190630E+4	-1.192220E+2
1.193750E+4	-1.197460E+2
1.196880E+4	-1.304230E+2
1.200000E+4	-1.249430E+2
1.203130E+4	-1.185810E+2
1.206250E+4	-1.182110E+2
1.209380E+4	-1.209630E+2
1.212500E+4	-1.302700E+2
1.215630E+4	-1.179930E+2
1.218750E+4	-1.251900E+2
1.221880E+4	-1.243550E+2
1.225000E+4	-1.241080E+2
1.228130E+4	-1.229560E+2
1.231250E+4	-1.235020E+2
1.234380E+4	-1.201390E+2
1.237500E+4	-1.178640E+2
1.240630E+4	-1.242490E+2
1.243750E+4	-1.252490E+2
1.246880E+4	-1.226440E+2
