0.000000E+0	-9.629220E+1
3.125000E+1	-9.975520E+1
6.250000E+1	-1.061700E+2
9.375000E+1	-1.112850E+2
1.250000E+2	-1.128430E+2
1.562500E+2	-1.183640E+2
1.875000E+2	-1.229560E+2
2.187500E+2	-1.236380E+2
2.500000E+2	-1.211210E+2
2.812500E+2	-1.137480E+2
3.125000E+2	-1.194520E+2
3.437500E+2	-1.238320E+2
3.750000E+2	-1.252840E+2
4.062500E+2	-1.172580E+2
4.375000E+2	-1.171470E+2
4.687500E+2	-1.226680E+2
5.000000E+2	-1.247490E+2
5.312500E+2	-1.244200E+2
5.625000E+2	-1.137840E+2
5.937500E+2	-1.173000E+2
6.250000E+2	-1.136480E+2
6.562500E+2	-1.144600E+2
6.875000E+2	-1.218440E+2
7.187500E+2	-1.255600E+2
7.500000E+2	-1.176470E+2
7.812500E+2	-1.185340E+2
8.125000E+2	-1.196630E+2
8.437500E+2	-1.210390E+2
8.750000E+2	-1.179760E+2
9.062500E+2	-1.200630E+2
9.375000E+2	-1.185930E+2
9.687500E+2	-1.202750E+2
1.000000E+3	-1.222910E+2
1.031250E+3	-1.139540E+2
1.062500E+3	-1.195750E+2
1.093750E+3	-1.232320E+2
1.125000E+3	-1.185340E+2
1.156250E+3	-1.377010E+2
1.187500E+3	-1.175760E+2
1.218750E+3	-1.186170E+2
1.250000E+3	-1.166230E+2
1.281250E+3	-1.186580E+2
1.312500E+3	-1.225440E+2
1.343750E+3	-1.203390E+2
1.375000E+3	-1.153590E+2
1.406250E+3	-1.154240E+2
1.437500E+3	-1.158530E+2
1.468750E+3	-1.347440E+2
1.500000E+3	-1.127720E+2
1.531250E+3	-1.138010E+2
1.562500E+3	-1.298170E+2
1.593750E+3	-1.196810E+2
1.625000E+3	-1.177700E+2
1.656250E+3	-1.242260E+2
1.687500E+3	-1.304170E+2
1.718750E+3	-1.145190E+2
1.750000E+3	-1.109090E+2
1.781250E+3	-1.226090E+2
1.812500E+3	-1.281000E+2
1.843750E+3	-1.216390E+2
1.875000E+3	-1.193460E+2
1.906250E+3	-1.346970E+2
1.937500E+3	-1.145010E+2
1.968750E+3	-1.133840E+2
2.000000E+3	-1.139310E+2
2.031250E+3	-1.114140E+2
2.062500E+3	-1.160180E+2
2.093750E+3	-1.108380E+2
2.125000E+3	-1.143010E+2
2.156250E+3	-1.131900E+2
2.187500E+3	-1.200390E+2
2.218750E+3	-1.129080E+2
2.250000E+3	-1.212150E+2
2.281250E+3	-1.178700E+2
2.312500E+3	-1.147830E+2
2.343750E+3	-1.135430E+2
2.375000E+3	-1.138540E+2
2.406250E+3	-1.169060E+2
2.437500E+3	-1.182050E+2
2.468750E+3	-1.209740E+2
2.500000E+3	-1.218920E+2
2.531250E+3	-1.246020E+2
2.562500E+3	-1.179520E+2
2.593750E+3	-1.187750E+2
2.625000E+3	-1.181400E+2
2.656250E+3	-1.222620E+2
2.687500E+3	-1.266010E+2
2.718750E+3	-1.180050E+2
2.750000E+3	-1.159590E+2
2.781250E+3	-1.192750E+2
2.812500E+3	-1.134430E+2
2.843750E+3	-1.119020E+2
2.875000E+3	-1.189870E+2
2.906250E+3	-1.255190E+2
2.937500E+3	-1.212570E+2
2.968750E+3	-1.212740E+2
3.000000E+3	-1.206510E+2
3.031250E+3	-1.282940E+2
3.062500E+3	-1.168120E+2
3.093750E+3	-1.134720E+2
3.125000E+3	-1.206800E+2
3.156250E+3	-1.176580E+2
3.187500E+3	-1.184340E+2
3.218750E+3	-1.294820E+2
3.250000E+3	-1.174940E+2
3.281250E+3	-1.149010E+2
3.312500E+3	-1.281060E+2
3.343750E+3	-1.216030E+2
3.375000E+3	-1.214860E+2
3.406250E+3	-1.162470E+2
3.437500E+3	-1.239610E+2
3.468750E+3	-1.236020E+2
3.500000E+3	-1.237320E+2
3.531250E+3	-1.252960E+2
3.562500E+3	-1.217860E+2
3.593750E+3	-1.239900E+2
3.625000E+3	-1.183810E+2
3.656250E+3	-1.160880E+2
3.687500E+3	-1.205570E+2
3.718750E+3	-1.208330E+2
3.750000E+3	-1.268770E+2
3.781250E+3	-1.191110E+2
3.812500E+3	-1.228500E+2
3.843750E+3	-1.243140E+2
3.875000E+3	-1.194100E+2
3.906250E+3	-1.201280E+2
3.937500E+3	-1.202340E+2
3.968750E+3	-1.200450E+2
4.000000E+3	-1.363790E+2
4.031250E+3	-1.367200E+2
4.062500E+3	-1.184110E+2
4.093750E+3	-1.157300E+2
4.125000E+3	-1.180350E+2
4.156250E+3	-1.187930E+2
4.187500E+3	-1.226560E+2
4.218750E+3	-1.244310E+2
4.250000E+3	-1.236730E+2
4.281250E+3	-1.294290E+2
4.312500E+3	-1.186700E+2
4.343750E+3	-1.282240E+2
4.375000E+3	-1.269890E+2
4.406250E+3	-1.217560E+2
4.437500E+3	-1.160060E+2
4.468750E+3	-1.168880E+2
4.500000E+3	-1.206860E+2
4.531250E+3	-1.265890E+2
4.562500E+3	-1.235200E+2
4.593750E+3	-1.215860E+2
4.625000E+3	-1.227790E+2
4.656250E+3	-1.193280E+2
4.687500E+3	-1.175290E+2
4.718750E+3	-1.161940E+2
4.750000E+3	-1.227380E+2
4.781250E+3	-1.188640E+2
4.812500E+3	-1.173530E+2
4.843750E+3	-1.162590E+2
4.875000E+3	-1.272950E+2
4.906250E+3	-1.263950E+2
4.937500E+3	-1.227440E+2
4.968750E+3	-1.234380E+2
5.000000E+3	-1.253600E+2
5.031250E+3	-1.240140E+2
5.062500E+3	-1.261660E+2
5.093750E+3	-1.210510E+2
5.125000E+3	-1.195400E+2
5.156250E+3	-1.221740E+2
5.187500E+3	-1.211040E+2
5.218750E+3	-1.190580E+2
5.250000E+3	-1.179520E+2
5.281250E+3	-1.229790E+2
5.312500E+3	-1.195810E+2
5.343750E+3	-1.232910E+2
5.375000E+3	-1.243140E+2
5.406250E+3	-1.229320E+2
5.437500E+3	-1.173410E+2
5.468750E+3	-1.281530E+2
5.500000E+3	-1.235790E+2
5.531250E+3	-1.279710E+2
5.562500E+3	-1.286650E+2
5.593750E+3	-1.218560E+2
5.625000E+3	-1.207100E+2
5.656250E+3	-1.190870E+2
5.687500E+3	-1.318810E+2
5.718750E+3	-1.227910E+2
5.750000E+3	-1.236790E+2
5.781250E+3	-1.341210E+2
5.812500E+3	-1.214210E+2
5.843750E+3	-1.181640E+2
5.875000E+3	-1.284710E+2
5.906250E+3	-1.260720E+2
5.937500E+3	-1.275830E+2
5.968750E+3	-1.227730E+2
6.000000E+3	-1.143540E+2
6.031250E+3	-1.312990E+2
6.062500E+3	-1.184460E+2
6.093750E+3	-1.157120E+2
6.125000E+3	-1.287710E+2
6.156250E+3	-1.158300E+2
6.187500E+3	-1.273300E+2
6.218750E+3	-1.191870E+2
6.250000E+3	-1.272770E+2
6.281250E+3	-1.284120E+2
6.312500E+3	-1.216030E+2
6.343750E+3	-1.181700E+2
6.375000E+3	-1.314460E+2
6.406250E+3	-1.171230E+2
6.437500E+3	-1.173940E+2
6.468750E+3	-1.155300E+2
6.500000E+3	-1.149540E+2
6.531250E+3	-1.202390E+2
6.562500E+3	-1.165060E+2
6.593750E+3	-1.277360E+2
6.625000E+3	-1.236080E+2
6.656250E+3	-1.179820E+2
6.687500E+3	-1.235610E+2
6.718750E+3	-1.237850E+2
6.750000E+3	-1.186460E+2
6.781250E+3	-1.216740E+2
6.812500E+3	-1.186580E+2
6.843750E+3	-1.290060E+2
6.875000E+3	-1.162060E+2
6.906250E+3	-1.165350E+2
6.937500E+3	-1.107500E+2
6.968750E+3	-1.130960E+2
7.000000E+3	-1.217680E+2
7.031250E+3	-1.275300E+2
7.062500E+3	-1.163120E+2
7.093750E+3	-1.359670E+2
7.125000E+3	-1.226380E+2
7.156250E+3	-1.148950E+2
7.187500E+3	-1.192870E+2
7.218750E+3	-1.162180E+2
7.250000E+3	-1.150770E+2
7.281250E+3	-1.334390E+2
7.312500E+3	-1.197810E+2
7.343750E+3	-1.134600E+2
7.375000E+3	-1.077920E+2
7.406250E+3	-1.122260E+2
7.437500E+3	-1.140720E+2
7.468750E+3	-1.137430E+2
7.500000E+3	-1.181170E+2
7.531250E+3	-1.249660E+2
7.562500E+3	-1.186050E+2
7.593750E+3	-1.089330E+2
7.625000E+3	-1.152540E+2
7.656250E+3	-1.255780E+2
7.687500E+3	-1.145660E+2
7.718750E+3	-1.172170E+2
7.750000E+3	-1.175350E+2
7.781250E+3	-1.161240E+2
7.812500E+3	-1.156180E+2
7.843750E+3	-1.187460E+2
7.875000E+3	-1.114500E+2
7.906250E+3	-1.172760E+2
7.937500E+3	-1.198750E+2
7.968750E+3	-1.175990E+2
8.000000E+3	-1.267130E+2
8.031250E+3	-1.258540E+2
8.062500E+3	-1.192690E+2
8.093750E+3	-1.203160E+2
8.125000E+3	-1.139420E+2
8.156250E+3	-1.163650E+2
8.187500E+3	-1.125670E+2
8.218750E+3	-1.098090E+2
8.250000E+3	-1.123610E+2
8.281250E+3	-1.157590E+2
8.312500E+3	-1.111910E+2
8.343750E+3	-1.108440E+2
8.375000E+3	-1.168820E+2
8.406250E+3	-1.186050E+2
8.437500E+3	-1.203040E+2
8.468750E+3	-1.264890E+2
8.500000E+3	-1.113550E+2
8.531250E+3	-1.131660E+2
8.562500E+3	-1.141070E+2
8.593750E+3	-1.155590E+2
8.625000E+3	-1.133070E+2
8.656250E+3	-1.119380E+2
8.687500E+3	-1.176520E+2
8.718750E+3	-1.153240E+2
8.750000E+3	-1.181520E+2
8.781250E+3	-1.149950E+2
8.812500E+3	-1.153770E+2
8.843750E+3	-1.122840E+2
8.875000E+3	-1.147480E+2
8.906250E+3	-1.134020E+2
8.937500E+3	-1.127490E+2
8.968750E+3	-1.138600E+2
9.000000E+3	-1.229970E+2
9.031250E+3	-1.274010E+2
9.062500E+3	-1.215330E+2
9.093750E+3	-1.205390E+2
9.125000E+3	-1.191520E+2
9.156250E+3	-1.140660E+2
9.187500E+3	-1.194220E+2
9.218750E+3	-1.219800E+2
9.250000E+3	-1.273480E+2
9.281250E+3	-1.178520E+2
9.312500E+3	-1.296230E+2
9.343750E+3	-1.352260E+2
9.375000E+3	-1.210570E+2
9.406250E+3	-1.231610E+2
9.437500E+3	-1.269540E+2
9.468750E+3	-1.194930E+2
9.500000E+3	-1.155010E+2
9.531250E+3	-1.170760E+2
9.562500E+3	-1.226090E+2
9.593750E+3	-1.219440E+2
9.625000E+3	-1.166650E+2
9.656250E+3	-1.171590E+2
9.687500E+3	-1.144540E+2
9.718750E+3	-1.211270E+2
9.750000E+3	-1.215620E+2
9.781250E+3	-1.171110E+2
9.812500E+3	-1.197980E+2
9.843750E+3	-1.200870E+2
9.875000E+3	-1.240080E+2
9.906250E+3	-1.181760E+2
9.937500E+3	-1.161180E+2
9.968750E+3	-1.141660E+2
1.000000E+4	-1.183700E+2
1.003130E+4	-1.121370E+2
1.006250E+4	-1.162710E+2
1.009380E+4	-1.171290E+2
1.012500E+4	-1.287590E+2
1.015630E+4	-1.213330E+2
1.018750E+4	-1.163470E+2
1.021880E+4	-1.165530E+2
1.025000E+4	-1.246670E+2
1.028130E+4	-1.222440E+2
1.031250E+4	-1.202810E+2
1.034380E+4	-1.149710E+2
1.037500E+4	-1.123260E+2
1.040630E+4	-1.172880E+2
1.043750E+4	-1.165240E+2
1.046880E+4	-1.299640E+2
1.050000E+4	-1.307400E+2
1.053130E+4	-1.257130E+2
1.056250E+4	-1.216970E+2
1.059380E+4	-1.177460E+2
1.062500E+4	-1.145600E+2
1.065630E+4	-1.161470E+2
1.068750E+4	-1.327510E+2
1.071880E+4	-9.053030E+1
1.075000E+4	-7.393840E+1
1.078130E+4	-6.637150E+1
1.081250E+4	-6.574240E+1
1.084380E+4	-7.192170E+1
1.087500E+4	-8.652640E+1
1.090630E+4	-1.091100E+2
1.093750E+4	-1.135190E+2
1.096880E+4	-1.218330E+2
1.100000E+4	-1.207210E+2
1.103130E+4	-1.232850E+2
1.106250E+4	-1.233790E+2
1.109380E+4	-1.231440E+2
1.112500E+4	-1.186990E+2
1.115630E+4	-1.156590E+2
1.118750E+4	-1.269710E+2
1.121880E+4	-1.275060E+2
1.125000E+4	-1.170350E+2
1.128130E+4	-1.180640E+2
1.131250E+4	-1.204570E+2
1.134380E+4	-1.235850E+2
1.137500E+4	-1.243260E+2
1.140630E+4	-1.327450E+2
1.143750E+4	-1.245730E+2
1.146880E+4	-1.182870E+2
1.150000E+4	-1.226210E+2
1.153130E+4	-1.213150E+2
1.156250E+4	-1.245310E+2
1.159380E+4	-1.253780E+2
1.162500E+4	-1.333980E+2
1.165630E+4	-1.305280E+2
1.168750E+4	-1.288880E+2
1.171880E+4	-1.209040E+2
1.175000E+4	-1.373780E+2
1.178130E+4	-1.240140E+2
1.181250E+4	-1.205920E+2
1.184380E+4	-1.226970E+2
1.187500E+4	-1.236550E+2
1.190630E+4	-1.256250E+2
1.193750E+4	-1.190750E+2
1.196880E+4	-1.232850E+2
1.200000E+4	-1.341440E+2
1.203130E+4	-1.208100E+2
1.206250E+4	-1.209040E+2
1.209380E+4	-1.252130E+2
1.212500E+4	-1.221330E+2
1.215630E+4	-1.289000E+2
1.218750E+4	-1.223740E+2
1.221880E+4	-1.226560E+2
1.225000E+4	-1.227500E+2
1.228130E+4	-1.261370E+2
1.231250E+4	-1.305930E+2
1.234380E+4	-1.271710E+2
1.237500E+4	-1.222970E+2
1.240630E+4	-1.212800E+2
1.243750E+4	-1.191050E+2
1.246880E+4	-1.213740E+2
