0.000000E+0	-8.311840E+1
3.125000E+1	-8.606400E+1
6.250000E+1	-9.580630E+1
9.375000E+1	-1.041020E+2
1.250000E+2	-1.050720E+2
1.562500E+2	-1.143910E+2
1.875000E+2	-1.143910E+2
2.187500E+2	-1.033910E+2
2.500000E+2	-1.035790E+2
2.812500E+2	-1.069770E+2
3.125000E+2	-1.143270E+2
3.437500E+2	-1.116220E+2
3.750000E+2	-1.143910E+2
4.062500E+2	-1.080120E+2
4.375000E+2	-1.058660E+2
4.687500E+2	-1.026030E+2
5.000000E+2	-1.054550E+2
5.312500E+2	-1.116220E+2
5.625000E+2	-1.143910E+2
5.937500E+2	-1.124860E+2
6.250000E+2	-1.035140E+2
6.562500E+2	-1.057310E+2
6.875000E+2	-1.081710E+2
7.187500E+2	-1.143910E+2
7.500000E+2	-1.120810E+2
7.812500E+2	-1.128510E+2
8.125000E+2	-1.056130E+2
8.437500E+2	-1.106230E+2
8.750000E+2	-1.068300E+2
9.062500E+2	-1.067420E+2
9.375000E+2	-1.090650E+2
9.687500E+2	-1.143910E+2
1.000000E+3	-1.031200E+2
1.031250E+3	-1.024440E+2
1.062500E+3	-1.044960E+2
1.093750E+3	-1.025560E+2
1.125000E+3	-1.067480E+2
1.156250E+3	-1.095940E+2
1.187500E+3	-1.071360E+2
1.218750E+3	-1.036320E+2
1.250000E+3	-9.981610E+1
1.281250E+3	-1.063840E+2
1.312500E+3	-1.060010E+2
1.343750E+3	-1.143910E+2
1.375000E+3	-1.143910E+2
1.406250E+3	-1.120220E+2
1.437500E+3	-9.894600E+1
1.468750E+3	-1.054130E+2
1.500000E+3	-1.074710E+2
1.531250E+3	-1.094470E+2
1.562500E+3	-1.064780E+2
1.593750E+3	-9.867550E+1
1.625000E+3	-9.742910E+1
1.656250E+3	-1.083830E+2
1.687500E+3	-1.078480E+2
1.718750E+3	-9.902240E+1
1.750000E+3	-1.000870E+2
1.781250E+3	-1.067360E+2
1.812500E+3	-9.521250E+1
1.843750E+3	-9.472450E+1
1.875000E+3	-9.824040E+1
1.906250E+3	-1.031320E+2
1.937500E+3	-1.143910E+2
1.968750E+3	-1.010920E+2
2.000000E+3	-9.608270E+1
2.031250E+3	-9.858730E+1
2.062500E+3	-9.977500E+1
2.093750E+3	-9.442460E+1
2.125000E+3	-9.023840E+1
2.156250E+3	-8.759860E+1
2.187500E+3	-8.965640E+1
2.218750E+3	-9.476570E+1
2.250000E+3	-9.468330E+1
2.281250E+3	-9.698810E+1
2.312500E+3	-9.847560E+1
2.343750E+3	-1.004810E+2
2.375000E+3	-9.375440E+1
2.406250E+3	-9.397780E+1
2.437500E+3	-9.866960E+1
2.468750E+3	-9.900480E+1
2.500000E+3	-1.042020E+2
2.531250E+3	-1.005690E+2
2.562500E+3	-9.053240E+1
2.593750E+3	-9.062650E+1
2.625000E+3	-9.668820E+1
2.656250E+3	-7.912620E+1
2.687500E+3	-7.266460E+1
2.718750E+3	-7.277640E+1
2.750000E+3	-8.006100E+1
2.781250E+3	-9.558290E+1
2.812500E+3	-1.040910E+2
2.843750E+3	-1.112340E+2
2.875000E+3	-9.732910E+1
2.906250E+3	-9.819340E+1
2.937500E+3	-9.341340E+1
2.968750E+3	-9.479500E+1
3.000000E+3	-9.320170E+1
3.031250E+3	-9.631780E+1
3.062500E+3	-9.594740E+1
3.093750E+3	-9.379550E+1
3.125000E+3	-9.403070E+1
3.156250E+3	-1.001750E+2
3.187500E+3	-9.908120E+1
3.218750E+3	-9.272550E+1
3.250000E+3	-8.852750E+1
3.281250E+3	-9.179650E+1
3.312500E+3	-9.087340E+1
3.343750E+3	-8.953290E+1
3.375000E+3	-9.433640E+1
3.406250E+3	-9.381910E+1
3.437500E+3	-9.260790E+1
3.468750E+3	-9.710570E+1
3.500000E+3	-1.006100E+2
3.531250E+3	-9.578870E+1
3.562500E+3	-9.347800E+1
3.593750E+3	-9.229040E+1
3.625000E+3	-9.731150E+1
3.656250E+3	-9.557700E+1
3.687500E+3	-9.645310E+1
3.718750E+3	-9.979260E+1
3.750000E+3	-1.053720E+2
3.781250E+3	-9.885190E+1
3.812500E+3	-9.507140E+1
3.843750E+3	-9.554760E+1
3.875000E+3	-9.815810E+1
3.906250E+3	-9.704100E+1
3.937500E+3	-9.520660E+1
3.968750E+3	-9.997490E+1
4.000000E+3	-9.986910E+1
4.031250E+3	-1.073360E+2
4.062500E+3	-1.067420E+2
4.093750E+3	-8.858630E+1
4.125000E+3	-9.233740E+1
4.156250E+3	-1.036140E+2
4.187500E+3	-1.031320E+2
4.218750E+3	-9.829920E+1
4.250000E+3	-9.698810E+1
4.281250E+3	-9.488320E+1
4.312500E+3	-1.021560E+2
4.343750E+3	-9.761720E+1
4.375000E+3	-9.850500E+1
4.406250E+3	-1.000450E+2
4.437500E+3	-1.063360E+2
4.468750E+3	-1.016920E+2
4.500000E+3	-1.021620E+2
4.531250E+3	-1.010680E+2
4.562500E+3	-1.005920E+2
4.593750E+3	-1.009390E+2
4.625000E+3	-1.134680E+2
4.656250E+3	-1.038200E+2
4.687500E+3	-9.651770E+1
4.718750E+3	-1.045080E+2
4.750000E+3	-9.813460E+1
4.781250E+3	-1.143910E+2
4.812500E+3	-1.008980E+2
4.843750E+3	-1.107280E+2
4.875000E+3	-1.015210E+2
4.906250E+3	-9.932810E+1
4.937500E+3	-1.030850E+2
4.968750E+3	-1.143910E+2
5.000000E+3	-1.081060E+2
5.031250E+3	-1.082940E+2
5.062500E+3	-1.050610E+2
5.093750E+3	-1.054660E+2
5.125000E+3	-1.067480E+2
5.156250E+3	-1.113050E+2
5.187500E+3	-1.143910E+2
5.218750E+3	-1.036140E+2
5.250000E+3	-1.041900E+2
5.281250E+3	-1.081710E+2
5.312500E+3	-9.136730E+1
5.343750E+3	-7.326430E+1
5.375000E+3	-6.405120E+1
5.406250E+3	-6.204630E+1
5.437500E+3	-6.677930E+1
5.468750E+3	-7.917910E+1
5.500000E+3	-1.000100E+2
5.531250E+3	-1.031850E+2
5.562500E+3	-1.045430E+2
5.593750E+3	-1.143910E+2
5.625000E+3	-1.143910E+2
5.656250E+3	-1.039490E+2
5.687500E+3	-1.027150E+2
5.718750E+3	-1.127100E+2
5.750000E+3	-1.109280E+2
5.781250E+3	-1.028500E+2
5.812500E+3	-1.079650E+2
5.843750E+3	-1.089350E+2
5.875000E+3	-1.011210E+2
5.906250E+3	-9.666470E+1
5.937500E+3	-9.485970E+1
5.968750E+3	-1.048960E+2
6.000000E+3	-1.062130E+2
6.031250E+3	-1.037320E+2
6.062500E+3	-9.635900E+1
6.093750E+3	-1.002390E+2
6.125000E+3	-9.767600E+1
6.156250E+3	-9.727620E+1
6.187500E+3	-1.049550E+2
6.218750E+3	-1.015740E+2
6.250000E+3	-1.038910E+2
6.281250E+3	-9.684700E+1
6.312500E+3	-9.769360E+1
6.343750E+3	-9.680580E+1
6.375000E+3	-9.495970E+1
6.406250E+3	-9.520070E+1
6.437500E+3	-1.019270E+2
6.468750E+3	-1.095110E+2
6.500000E+3	-1.066420E+2
6.531250E+3	-1.009860E+2
6.562500E+3	-1.012270E+2
6.593750E+3	-1.073360E+2
6.625000E+3	-1.039490E+2
6.656250E+3	-9.757020E+1
6.687500E+3	-9.689990E+1
6.718750E+3	-1.044080E+2
6.750000E+3	-1.004100E+2
6.781250E+3	-1.015270E+2
6.812500E+3	-9.851680E+1
6.843750E+3	-9.543000E+1
6.875000E+3	-1.022860E+2
6.906250E+3	-9.640600E+1
6.937500E+3	-9.503610E+1
6.968750E+3	-9.641190E+1
7.000000E+3	-9.894600E+1
7.031250E+3	-1.043260E+2
7.062500E+3	-1.091060E+2
7.093750E+3	-1.026970E+2
7.125000E+3	-1.004980E+2
7.156250E+3	-9.774660E+1
7.187500E+3	-9.842270E+1
7.218750E+3	-9.957510E+1
7.250000E+3	-9.761130E+1
7.281250E+3	-9.961620E+1
7.312500E+3	-9.972210E+1
7.343750E+3	-1.021560E+2
7.375000E+3	-9.926930E+1
7.406250E+3	-9.387780E+1
7.437500E+3	-9.553000E+1
7.468750E+3	-1.135210E+2
7.500000E+3	-1.121920E+2
7.531250E+3	-9.818160E+1
7.562500E+3	-1.044370E+2
7.593750E+3	-9.519490E+1
7.625000E+3	-1.101520E+2
7.656250E+3	-1.066780E+2
7.687500E+3	-1.014510E+2
7.718750E+3	-1.054660E+2
7.750000E+3	-9.898710E+1
7.781250E+3	-9.775830E+1
7.812500E+3	-9.584750E+1
7.843750E+3	-1.143910E+2
7.875000E+3	-1.143910E+2
7.906250E+3	-1.084880E+2
7.937500E+3	-1.143910E+2
7.968750E+3	-1.038910E+2
8.000000E+3	-1.003280E+2
8.031250E+3	-1.021150E+2
8.062500E+3	-8.575240E+1
8.093750E+3	-8.117230E+1
8.125000E+3	-8.206010E+1
8.156250E+3	-9.163780E+1
8.187500E+3	-1.143910E+2
8.218750E+3	-1.026090E+2
8.250000E+3	-1.015980E+2
8.281250E+3	-1.073360E+2
8.312500E+3	-1.066780E+2
8.343750E+3	-1.070300E+2
8.375000E+3	-1.052960E+2
8.406250E+3	-1.103460E+2
8.437500E+3	-1.017980E+2
8.468750E+3	-1.009570E+2
8.500000E+3	-1.017740E+2
8.531250E+3	-1.049550E+2
8.562500E+3	-1.034500E+2
8.593750E+3	-1.037610E+2
8.625000E+3	-1.040730E+2
8.656250E+3	-1.058480E+2
8.687500E+3	-9.821690E+1
8.718750E+3	-1.017500E+2
8.750000E+3	-1.097820E+2
8.781250E+3	-1.095290E+2
8.812500E+3	-1.031670E+2
8.843750E+3	-1.143910E+2
8.875000E+3	-1.045080E+2
8.906250E+3	-1.027210E+2
8.937500E+3	-1.015560E+2
8.968750E+3	-1.005040E+2
9.000000E+3	-9.829920E+1
9.031250E+3	-1.060600E+2
9.062500E+3	-1.098230E+2
9.093750E+3	-1.095290E+2
9.125000E+3	-1.058010E+2
9.156250E+3	-1.039320E+2
9.187500E+3	-1.082300E+2
9.218750E+3	-1.128510E+2
9.250000E+3	-1.143910E+2
9.281250E+3	-1.071010E+2
9.312500E+3	-1.143910E+2
9.343750E+3	-1.124570E+2
9.375000E+3	-1.143910E+2
9.406250E+3	-1.063360E+2
9.437500E+3	-1.061540E+2
9.468750E+3	-1.046310E+2
9.500000E+3	-1.061540E+2
9.531250E+3	-1.138560E+2
9.562500E+3	-1.143910E+2
9.593750E+3	-1.143910E+2
9.625000E+3	-1.143910E+2
9.656250E+3	-1.143270E+2
9.687500E+3	-1.050670E+2
9.718750E+3	-1.057540E+2
9.750000E+3	-1.124570E+2
9.781250E+3	-1.128510E+2
9.812500E+3	-1.129980E+2
9.843750E+3	-1.049670E+2
9.875000E+3	-1.091940E+2
9.906250E+3	-1.143910E+2
9.937500E+3	-1.113810E+2
9.968750E+3	-1.068890E+2
1.000000E+4	-1.081360E+2
1.003130E+4	-1.070830E+2
1.006250E+4	-1.041320E+2
1.009380E+4	-1.036080E+2
1.012500E+4	-1.143910E+2
1.015630E+4	-1.143910E+2
1.018750E+4	-1.070010E+2
1.021880E+4	-1.114460E+2
1.025000E+4	-1.097000E+2
1.028130E+4	-1.143910E+2
1.031250E+4	-1.140560E+2
1.034380E+4	-1.128510E+2
1.037500E+4	-1.087820E+2
1.040630E+4	-1.091060E+2
1.043750E+4	-1.110220E+2
1.046880E+4	-1.143910E+2
1.050000E+4	-1.124860E+2
1.053130E+4	-1.140560E+2
1.056250E+4	-1.092060E+2
1.059380E+4	-1.133570E+2
1.062500E+4	-1.143910E+2
1.065630E+4	-1.039550E+2
1.068750E+4	-1.108580E+2
1.071880E+4	-7.927910E+1
1.075000E+4	-6.273420E+1
1.078130E+4	-5.514960E+1
1.081250E+4	-5.452640E+1
1.084380E+4	-6.067050E+1
1.087500E+4	-7.496350E+1
1.090630E+4	-9.952220E+1
1.093750E+4	-1.116280E+2
1.096880E+4	-1.143910E+2
1.100000E+4	-1.134270E+2
1.103130E+4	-1.143910E+2
1.106250E+4	-1.083830E+2
1.109380E+4	-1.063360E+2
1.112500E+4	-1.073360E+2
1.115630E+4	-1.056130E+2
1.118750E+4	-1.082880E+2
1.121880E+4	-1.035790E+2
1.125000E+4	-1.026790E+2
1.128130E+4	-1.140560E+2
1.131250E+4	-1.080120E+2
1.134380E+4	-1.052780E+2
1.137500E+4	-1.041900E+2
1.140630E+4	-1.066540E+2
1.143750E+4	-1.050610E+2
1.146880E+4	-1.110460E+2
1.150000E+4	-1.138860E+2
1.153130E+4	-1.089350E+2
1.156250E+4	-1.015450E+2
1.159380E+4	-1.072540E+2
1.162500E+4	-1.062600E+2
1.165630E+4	-1.097000E+2
1.168750E+4	-1.060600E+2
1.171880E+4	-1.074830E+2
1.175000E+4	-1.082300E+2
1.178130E+4	-1.121920E+2
1.181250E+4	-1.143910E+2
1.184380E+4	-1.095940E+2
1.187500E+4	-1.079650E+2
1.190630E+4	-1.096820E+2
1.193750E+4	-1.073360E+2
1.196880E+4	-1.029790E+2
1.200000E+4	-1.062190E+2
1.203130E+4	-1.022680E+2
1.206250E+4	-1.068600E+2
1.209380E+4	-1.095110E+2
1.212500E+4	-1.098470E+2
1.215630E+4	-1.143910E+2
1.218750E+4	-1.143910E+2
1.221880E+4	-1.096410E+2
1.225000E+4	-1.048370E+2
1.228130E+4	-1.088710E+2
1.231250E+4	-1.143910E+2
1.234380E+4	-1.083830E+2
1.237500E+4	-1.051960E+2
1.240630E+4	-1.013800E+2
1.243750E+4	-1.064720E+2
1.246880E+4	-1.126100E+2
