0.000000E+0	-7.985530E+1
3.125000E+1	-8.327120E+1
6.250000E+1	-9.191410E+1
9.375000E+1	-1.027850E+2
1.250000E+2	-1.045730E+2
1.562500E+2	-1.143910E+2
1.875000E+2	-1.143910E+2
2.187500E+2	-1.087650E+2
2.500000E+2	-1.090290E+2
2.812500E+2	-1.143910E+2
3.125000E+2	-1.121100E+2
3.437500E+2	-1.142440E+2
3.750000E+2	-1.101760E+2
4.062500E+2	-1.110220E+2
4.375000E+2	-1.078590E+2
4.687500E+2	-1.078890E+2
5.000000E+2	-1.109280E+2
5.312500E+2	-1.143910E+2
5.625000E+2	-1.107460E+2
5.937500E+2	-1.065310E+2
6.250000E+2	-1.128510E+2
6.562500E+2	-1.143910E+2
6.875000E+2	-1.101930E+2
7.187500E+2	-1.063250E+2
7.500000E+2	-1.111170E+2
7.812500E+2	-1.066780E+2
8.125000E+2	-1.099880E+2
8.437500E+2	-1.111170E+2
8.750000E+2	-1.054250E+2
9.062500E+2	-1.014450E+2
9.375000E+2	-9.980440E+1
9.687500E+2	-1.044140E+2
1.000000E+3	-1.143910E+2
1.031250E+3	-9.927520E+1
1.062500E+3	-9.960450E+1
1.093750E+3	-1.075540E+2
1.125000E+3	-1.056430E+2
1.156250E+3	-1.039490E+2
1.187500E+3	-1.065660E+2
1.218750E+3	-1.056720E+2
1.250000E+3	-1.062190E+2
1.281250E+3	-1.033500E+2
1.312500E+3	-1.121920E+2
1.343750E+3	-1.110460E+2
1.375000E+3	-1.028500E+2
1.406250E+3	-1.027260E+2
1.437500E+3	-1.049140E+2
1.468750E+3	-1.023380E+2
1.500000E+3	-1.034670E+2
1.531250E+3	-1.143910E+2
1.562500E+3	-9.978670E+1
1.593750E+3	-9.785830E+1
1.625000E+3	-1.095290E+2
1.656250E+3	-1.037610E+2
1.687500E+3	-1.020500E+2
1.718750E+3	-9.687640E+1
1.750000E+3	-1.084180E+2
1.781250E+3	-1.071650E+2
1.812500E+3	-1.028560E+2
1.843750E+3	-1.096580E+2
1.875000E+3	-1.042900E+2
1.906250E+3	-1.029910E+2
1.937500E+3	-9.711160E+1
1.968750E+3	-1.011920E+2
2.000000E+3	-1.033140E+2
2.031250E+3	-9.978670E+1
2.062500E+3	-9.849320E+1
2.093750E+3	-1.004220E+2
2.125000E+3	-1.056070E+2
2.156250E+3	-1.001870E+2
2.187500E+3	-9.583570E+1
2.218750E+3	-9.898710E+1
2.250000E+3	-9.842860E+1
2.281250E+3	-9.999840E+1
2.312500E+3	-9.891070E+1
2.343750E+3	-9.806990E+1
2.375000E+3	-1.082880E+2
2.406250E+3	-1.027910E+2
2.437500E+3	-1.064250E+2
2.468750E+3	-1.024150E+2
2.500000E+3	-1.051960E+2
2.531250E+3	-9.836390E+1
2.562500E+3	-1.080940E+2
2.593750E+3	-1.057250E+2
2.625000E+3	-9.127910E+1
2.656250E+3	-7.740940E+1
2.687500E+3	-7.120060E+1
2.718750E+3	-7.184150E+1
2.750000E+3	-7.880870E+1
2.781250E+3	-9.166130E+1
2.812500E+3	-1.014620E+2
2.843750E+3	-1.109580E+2
2.875000E+3	-1.123450E+2
2.906250E+3	-1.088710E+2
2.937500E+3	-1.103460E+2
2.968750E+3	-1.011630E+2
3.000000E+3	-9.282540E+1
3.031250E+3	-9.336050E+1
3.062500E+3	-9.679410E+1
3.093750E+3	-9.741730E+1
3.125000E+3	-9.831690E+1
3.156250E+3	-9.975150E+1
3.187500E+3	-9.533010E+1
3.218750E+3	-9.477150E+1
3.250000E+3	-1.016210E+2
3.281250E+3	-1.143270E+2
3.312500E+3	-1.058660E+2
3.343750E+3	-1.027970E+2
3.375000E+3	-9.620020E+1
3.406250E+3	-9.724090E+1
3.437500E+3	-9.682940E+1
3.468750E+3	-1.002160E+2
3.500000E+3	-1.109280E+2
3.531250E+3	-9.908710E+1
3.562500E+3	-1.015270E+2
3.593750E+3	-9.881660E+1
3.625000E+3	-1.026030E+2
3.656250E+3	-9.600030E+1
3.687500E+3	-9.223750E+1
3.718750E+3	-9.508900E+1
3.750000E+3	-9.102630E+1
3.781250E+3	-9.377200E+1
3.812500E+3	-9.380730E+1
3.843750E+3	-9.711740E+1
3.875000E+3	-9.270200E+1
3.906250E+3	-9.228450E+1
3.937500E+3	-1.027320E+2
3.968750E+3	-9.981030E+1
4.000000E+3	-9.915760E+1
4.031250E+3	-1.021210E+2
4.062500E+3	-1.038080E+2
4.093750E+3	-1.062190E+2
4.125000E+3	-9.930460E+1
4.156250E+3	-9.633550E+1
4.187500E+3	-9.448340E+1
4.218750E+3	-9.489500E+1
4.250000E+3	-9.122030E+1
4.281250E+3	-8.993860E+1
4.312500E+3	-9.231980E+1
4.343750E+3	-1.001220E+2
4.375000E+3	-9.348390E+1
4.406250E+3	-9.334870E+1
4.437500E+3	-9.420710E+1
4.468750E+3	-9.762310E+1
4.500000E+3	-1.057310E+2
4.531250E+3	-1.088000E+2
4.562500E+3	-1.077950E+2
4.593750E+3	-1.015450E+2
4.625000E+3	-9.893420E+1
4.656250E+3	-9.854620E+1
4.687500E+3	-9.939870E+1
4.718750E+3	-1.020620E+2
4.750000E+3	-1.051140E+2
4.781250E+3	-1.049430E+2
4.812500E+3	-1.056070E+2
4.843750E+3	-1.066660E+2
4.875000E+3	-1.064250E+2
4.906250E+3	-1.066420E+2
4.937500E+3	-1.093940E+2
4.968750E+3	-9.935750E+1
5.000000E+3	-1.025500E+2
5.031250E+3	-1.116570E+2
5.062500E+3	-1.106640E+2
5.093750E+3	-1.143910E+2
5.125000E+3	-1.138860E+2
5.156250E+3	-1.143910E+2
5.187500E+3	-1.143910E+2
5.218750E+3	-1.143910E+2
5.250000E+3	-1.143910E+2
5.281250E+3	-1.128980E+2
5.312500E+3	-9.075580E+1
5.343750E+3	-7.311740E+1
5.375000E+3	-6.418050E+1
5.406250E+3	-6.217560E+1
5.437500E+3	-6.690270E+1
5.468750E+3	-7.916740E+1
5.500000E+3	-1.021910E+2
5.531250E+3	-1.143910E+2
5.562500E+3	-1.143910E+2
5.593750E+3	-1.123450E+2
5.625000E+3	-1.143910E+2
5.656250E+3	-1.054130E+2
5.687500E+3	-1.080470E+2
5.718750E+3	-1.093880E+2
5.750000E+3	-1.109280E+2
5.781250E+3	-1.077180E+2
5.812500E+3	-1.039850E+2
5.843750E+3	-1.033140E+2
5.875000E+3	-1.007040E+2
5.906250E+3	-1.078590E+2
5.937500E+3	-1.037020E+2
5.968750E+3	-9.990430E+1
6.000000E+3	-1.037260E+2
6.031250E+3	-1.143910E+2
6.062500E+3	-1.040080E+2
6.093750E+3	-9.913410E+1
6.125000E+3	-9.931640E+1
6.156250E+3	-9.687640E+1
6.187500E+3	-1.042850E+2
6.218750E+3	-1.012800E+2
6.250000E+3	-1.037020E+2
6.281250E+3	-1.077530E+2
6.312500E+3	-1.004220E+2
6.343750E+3	-1.042550E+2
6.375000E+3	-1.057310E+2
6.406250E+3	-9.919290E+1
6.437500E+3	-1.000450E+2
6.468750E+3	-9.303120E+1
6.500000E+3	-9.694110E+1
6.531250E+3	-1.113160E+2
6.562500E+3	-1.076420E+2
6.593750E+3	-1.014040E+2
6.625000E+3	-9.966330E+1
6.656250E+3	-1.011210E+2
6.687500E+3	-1.017500E+2
6.718750E+3	-1.143270E+2
6.750000E+3	-1.098470E+2
6.781250E+3	-1.077530E+2
6.812500E+3	-1.107280E+2
6.843750E+3	-1.143910E+2
6.875000E+3	-1.143910E+2
6.906250E+3	-1.135210E+2
6.937500E+3	-9.606500E+1
6.968750E+3	-9.685290E+1
7.000000E+3	-9.447170E+1
7.031250E+3	-1.001750E+2
7.062500E+3	-1.062130E+2
7.093750E+3	-9.438940E+1
7.125000E+3	-9.896360E+1
7.156250E+3	-9.746430E+1
7.187500E+3	-9.770540E+1
7.218750E+3	-1.078590E+2
7.250000E+3	-1.069770E+2
7.281250E+3	-1.045840E+2
7.312500E+3	-9.597090E+1
7.343750E+3	-1.082880E+2
7.375000E+3	-1.055550E+2
7.406250E+3	-1.011570E+2
7.437500E+3	-1.036670E+2
7.468750E+3	-1.143910E+2
7.500000E+3	-1.077530E+2
7.531250E+3	-1.016210E+2
7.562500E+3	-1.058840E+2
7.593750E+3	-1.035610E+2
7.625000E+3	-1.106640E+2
7.656250E+3	-1.076240E+2
7.687500E+3	-1.004860E+2
7.718750E+3	-1.047020E+2
7.750000E+3	-1.011800E+2
7.781250E+3	-1.090120E+2
7.812500E+3	-1.095940E+2
7.843750E+3	-1.134270E+2
7.875000E+3	-1.059250E+2
7.906250E+3	-1.041140E+2
7.937500E+3	-1.121920E+2
7.968750E+3	-1.143910E+2
8.000000E+3	-1.118100E+2
8.031250E+3	-9.519490E+1
8.062500E+3	-8.347110E+1
8.093750E+3	-7.983760E+1
8.125000E+3	-8.178960E+1
8.156250E+3	-9.030310E+1
8.187500E+3	-1.065540E+2
8.218750E+3	-1.037260E+2
8.250000E+3	-1.101930E+2
8.281250E+3	-1.100350E+2
8.312500E+3	-1.116570E+2
8.343750E+3	-1.098470E+2
8.375000E+3	-1.124570E+2
8.406250E+3	-1.101760E+2
8.437500E+3	-1.043140E+2
8.468750E+3	-1.093350E+2
8.500000E+3	-1.072650E+2
8.531250E+3	-1.069240E+2
8.562500E+3	-1.100350E+2
8.593750E+3	-1.072650E+2
8.625000E+3	-1.112400E+2
8.656250E+3	-1.134270E+2
8.687500E+3	-1.024440E+2
8.718750E+3	-1.121920E+2
8.750000E+3	-1.051490E+2
8.781250E+3	-1.050610E+2
8.812500E+3	-1.069130E+2
8.843750E+3	-1.040960E+2
8.875000E+3	-1.012100E+2
8.906250E+3	-1.031200E+2
8.937500E+3	-1.116280E+2
8.968750E+3	-9.999840E+1
9.000000E+3	-9.916940E+1
9.031250E+3	-1.000920E+2
9.062500E+3	-1.037730E+2
9.093750E+3	-1.110930E+2
9.125000E+3	-1.007980E+2
9.156250E+3	-1.025380E+2
9.187500E+3	-1.011160E+2
9.218750E+3	-1.096410E+2
9.250000E+3	-1.112110E+2
9.281250E+3	-1.121920E+2
9.312500E+3	-1.143910E+2
9.343750E+3	-1.080120E+2
9.375000E+3	-1.109580E+2
9.406250E+3	-1.143910E+2
9.437500E+3	-1.055310E+2
9.468750E+3	-1.054780E+2
9.500000E+3	-1.128510E+2
9.531250E+3	-1.074830E+2
9.562500E+3	-1.083650E+2
9.593750E+3	-1.086880E+2
9.625000E+3	-1.090650E+2
9.656250E+3	-1.096170E+2
9.687500E+3	-1.112400E+2
9.718750E+3	-1.116280E+2
9.750000E+3	-1.084000E+2
9.781250E+3	-1.095290E+2
9.812500E+3	-1.084880E+2
9.843750E+3	-1.045080E+2
9.875000E+3	-1.143910E+2
9.906250E+3	-1.143910E+2
9.937500E+3	-1.084880E+2
9.968750E+3	-1.143910E+2
1.000000E+4	-1.089120E+2
1.003130E+4	-1.041550E+2
1.006250E+4	-1.051610E+2
1.009380E+4	-1.120810E+2
1.012500E+4	-1.109580E+2
1.015630E+4	-1.103460E+2
1.018750E+4	-1.098470E+2
1.021880E+4	-1.124860E+2
1.025000E+4	-1.107460E+2
1.028130E+4	-1.069890E+2
1.031250E+4	-1.052780E+2
1.034380E+4	-1.087650E+2
1.037500E+4	-1.097820E+2
1.040630E+4	-1.107280E+2
1.043750E+4	-1.143910E+2
1.046880E+4	-1.124570E+2
1.050000E+4	-1.143910E+2
1.053130E+4	-1.127920E+2
1.056250E+4	-1.142440E+2
1.059380E+4	-1.123450E+2
1.062500E+4	-1.116220E+2
1.065630E+4	-1.094760E+2
1.068750E+4	-1.050080E+2
1.071880E+4	-7.921440E+1
1.075000E+4	-6.300460E+1
1.078130E+4	-5.540830E+1
1.081250E+4	-5.477920E+1
1.084380E+4	-6.094680E+1
1.087500E+4	-7.531630E+1
1.090630E+4	-1.018800E+2
1.093750E+4	-1.116220E+2
1.096880E+4	-1.143910E+2
1.100000E+4	-1.094590E+2
1.103130E+4	-1.057840E+2
1.106250E+4	-1.121920E+2
1.109380E+4	-1.105170E+2
1.112500E+4	-1.062130E+2
1.115630E+4	-1.052430E+2
1.118750E+4	-1.077950E+2
1.121880E+4	-1.077480E+2
1.125000E+4	-1.098470E+2
1.128130E+4	-1.143910E+2
1.131250E+4	-1.103460E+2
1.134380E+4	-1.143910E+2
1.137500E+4	-1.138270E+2
1.140630E+4	-1.082300E+2
1.143750E+4	-1.093880E+2
1.146880E+4	-1.138860E+2
1.150000E+4	-1.138270E+2
1.153130E+4	-1.143910E+2
1.156250E+4	-1.143910E+2
1.159380E+4	-1.085650E+2
1.162500E+4	-1.096410E+2
1.165630E+4	-1.078590E+2
1.168750E+4	-1.049610E+2
1.171880E+4	-1.106230E+2
1.175000E+4	-1.086350E+2
1.178130E+4	-1.118690E+2
1.181250E+4	-1.050370E+2
1.184380E+4	-1.052960E+2
1.187500E+4	-1.028090E+2
1.190630E+4	-1.024970E+2
1.193750E+4	-1.066070E+2
1.196880E+4	-1.098470E+2
1.200000E+4	-1.087820E+2
1.203130E+4	-1.143910E+2
1.206250E+4	-1.100350E+2
1.209380E+4	-1.019330E+2
1.212500E+4	-1.049670E+2
1.215630E+4	-1.134680E+2
1.218750E+4	-1.143910E+2
1.221880E+4	-1.033910E+2
1.225000E+4	-1.045610E+2
1.228130E+4	-1.071010E+2
1.231250E+4	-1.123450E+2
1.234380E+4	-1.103290E+2
1.237500E+4	-1.040910E+2
1.240630E+4	-1.032030E+2
1.243750E+4	-1.066780E+2
1.246880E+4	-1.101520E+2
