Vernier Format 2
Untitled.cmbl 10/31/2024 12:01:05 .
Latest
Time	Position	Velocity 1	Acceleration 1	Angle 2	Velocity 2	Acceleration 2
t	x	v 1	acc 1	Angle 2	v 2	acc 2
s	m	m/s	m/s²	rad	rad/s	rad/s²

0.05	0.9197545	-0.204466111111	-0.412086975309	-0.0174532925199	-1.06659009844	-1.33377630492
0.1	0.910322	-0.224855555556	-0.385229228395	-0.0698131700798	-1.11507146655	-1.69630920202
0.15	0.898317	-0.248217666667	-0.27824287037	-0.12217304764	-1.22754824057	-1.90370172116
0.2	0.88494	-0.260584722222	-0.0277470061728	-0.191986217719	-1.34778203348	-1.36071039831
0.25	0.8713915	-0.254582222222	0.317200895062	-0.261799387799	-1.38656712797	-0.216550110896
0.3	0.8587005	-0.228571388889	0.665737592593	-0.331612557879	-1.37687085435	1.26913448077
0.35	0.847896	-0.185982222222	0.966487191358	-0.401425727959	-1.29930066537	3.48527168531
0.4	0.8394925	-0.128720277778	1.1876375	-0.471238898038	-1.02780500395	5.67770688766
0.45	0.8346905	-0.0628833333333	1.30572901235	-0.506145483078	-0.688435427176	7.02441155741
0.5	0.833147	0.00533555555556	1.33309490741	-0.541052068118	-0.31028075591	7.85398163397
0.55	0.835205	0.0735544444444	1.27545185185	-0.541052068118	0.135747830711	7.74085844172
0.6	0.840693	0.136628333333	1.12454243827	-0.523598775598	0.504206228354	6.7442969861
0.65	0.849268	0.189602777778	0.886030401235	-0.488692190558	0.824183257886	5.38143186032
0.7	0.860244	0.227999722222	0.577436265432	-0.436332312999	1.03750127757	4.03472719057
0.75	0.8727635	0.248865555556	0.226072993827	-0.383972435439	1.21203420277	2.93581618005
0.8	0.8857975	0.251914444444	-0.153661882716	-0.314159265359	1.34778203348	1.5136960488
0.85	0.8988315	0.233716388889	-0.531544135802	-0.244346095279	1.37687085435	-0.231633203197
0.9	0.909979	0.195986388889	-0.847601697531	-0.174532925199	1.33808575986	-2.29478475725
0.95	0.918897	0.145393888889	-1.07944429012	-0.10471975512	1.16355283466	-4.63805088261
1	0.9248995	0.0849877777778	-1.22897746914	-0.0523598775598	0.853272078753	-6.5126637829
1.05	0.9276435	0.018865	-1.28677932099	-0.0174532925199	0.48481368111	-7.70315071096
1.1	0.926786	-0.0475436111111	-1.25099722222	0	0.0387850944888	-7.89168936473
1.15	0.92267	-0.109093055556	-1.13825185185	-0.0174532925199	-0.339369576777	-7.25604476061
1.2	0.9156385	-0.163973055556	-0.953889351852	-0.0349065850399	-0.688435427176	-6.41570104668
1.25	0.905863	-0.207896111111	-0.687640895062	-0.0872664625997	-0.998716183086	-5.18750638787
1.3	0.894201	-0.235717222222	-0.352633641975	-0.13962634016	-1.21203420277	-3.77615989398
1.35	0.88151	-0.2443875	0.0136035493827	-0.209439510239	-1.37687085435	-2.22475611442
1.4	0.8689905	-0.233716388889	0.369360185185	-0.279252680319	-1.47383359057	0.037707730753
1.45	0.8575	-0.206181111111	0.692351851852	-0.366519142919	-1.37687085435	2.41868158687
1.5	0.8477245	-0.162639166667	0.963575925926	-0.418879020479	-1.20233792915	4.28790766848
1.55	0.840693	-0.106139444444	1.14709151235	-0.488692190558	-0.959931088597	6.18945466217
1.6	0.83692	-0.0439230555556	1.23395308642	-0.523598775598	-0.552687596465	7.40687568362
1.65	0.836234	0.0202941666667	1.23834645062	-0.541052068118	-0.174532925199	7.69776389228
1.7	0.838978	0.0831775	1.15852484568	-0.541052068118	0.213318019688	7.74624526039
1.75	0.844809	0.139581944444	0.995705709877	-0.523598775598	0.639954059065	6.93822245855
1.8	0.853384	0.185315277778	0.765239351852	-0.471238898038	0.959931088597	5.17673275051
1.85	0.8638455	0.217900277778	0.482370216049	-0.418879020479	1.11507146655	3.95392491038
1.9	0.875679	0.236288888889	0.139740740741	-0.366519142919	1.34778203348	2.72573025157
1.95	0.88837	0.233525833333	-0.234012808642	-0.279252680319	1.46413731695	0.177765016407
2	0.8998605	0.210849722222	-0.567008641975	-0.209439510239	1.36717458073	-2.40252113083
2.05	0.909979	0.173881944444	-0.834051080247	-0.13962634016	1.18294538191	-4.22865266301
2.1	0.9176965	0.125099722222	-1.03683395062	-0.0872664625997	0.901753446864	-5.14979865712
2.15	0.9228415	0.0676472222222	-1.16868780864	-0.0523598775598	0.659346606309	-5.7692828052
2.2	0.924728	0.00438277777778	-1.20796342593	-0.0174532925199	0.339369576777	-6.57191878837
2.25	0.9231845	-0.0572619444444	-1.15063796296	-0.0174532925199	-0.00969627362219	-7.06750610684
2.3	0.9187255	-0.112904166667	-1.02836481481	-0.0174532925199	-0.378154671265	-7.20217657382
2.35	0.911694	-0.162258055556	-0.844743364198	-0.0523598775598	-0.785398163397	-6.22177557424
2.4	0.90209	-0.200750277778	-0.584317438272	-0.10471975512	-1.02780500395	-4.65421133865
2.45	0.8909425	-0.223045277778	-0.267995216049	-0.157079632679	-1.2217304764	-3.4098562238
2.5	0.879109	-0.228190277778	0.0680706790123	-0.226892802759	-1.37687085435	-1.89077335633
2.55	0.867447	-0.21609	0.400325462963	-0.296705972839	-1.46413731695	0.544068686578
2.6	0.856814	-0.186839722222	0.699074228395	-0.383972435439	-1.33808575986	3.24286484475
2.65	0.848239	-0.14406	0.941609104938	-0.436332312999	-1.07628637206	4.81042908034
2.7	0.8418935	-0.0892752777778	1.10146404321	-0.488692190558	-0.833879531508	5.85008508539
2.75	0.8391495	-0.0297266666667	1.16355339506	-0.523598775598	-0.504206228354	6.92206200251
2.8	0.838978	0.0295361111111	1.15524305556	-0.541052068118	-0.135747830711	7.74624526039
2.85	0.842065	0.0884177777778	1.07489212963	-0.541052068118	0.31028075591	7.71392434832
2.9	0.8480675	0.140820555556	0.907203240741	-0.506145483078	0.678739153553	6.72813653006
2.95	0.8566425	0.18179	0.672078858025	-0.471238898038	0.998716183086	5.30062958013
3	0.866761	0.209420555556	0.393497222222	-0.401425727959	1.21203420277	3.62532897096
3.05	0.87808	0.223235833333	0.0691293209877	-0.349065850399	1.36717458073	1.76148970803
3.1	0.8899135	0.217423888889	-0.274611728395	-0.261799387799	1.43504849608	-0.818796439207
3.15	0.9005465	0.193890277778	-0.578653703704	-0.191986217719	1.25081929726	-2.75266434497
3.2	0.9098075	0.1569225	-0.821082716049	-0.13962634016	1.08598264569	-3.4367903172
3.25	0.9166675	0.109093055556	-0.99512345679	-0.0872664625997	0.950234814975	-4.69730588808
3.3	0.920955	0.0547847222222	-1.09945262346	-0.0349065850399	0.649650332687	-6.42647468404
3.35	0.922327	-0.00362055555556	-1.13073549383	-0.0174532925199	0.242406840555	-7.04057201345
3.4	0.920612	-0.0620258333333	-1.07441574074	-0.0174532925199	-0.0678739153553	-7.21295021117
3.45	0.91581	-0.113856944444	-0.946214197531	-0.0174532925199	-0.48481368111	-7.05673246948
3.5	0.90895	-0.158256388889	-0.766086265432	-0.0698131700798	-0.824183257886	-5.90934009086
3.55	0.899689	-0.193604444444	-0.513864814815	-0.10471975512	-1.06659009844	-4.78888180563
3.6	0.8888845	-0.212374166667	-0.20278287037	-0.174532925199	-1.31869321262	-3.24825166343
3.65	0.877737	-0.213803333333	0.113592283951	-0.244346095279	-1.40595967522	-1.33054421371
3.7	0.8669325	-0.200083333333	0.411970524691	-0.314159265359	-1.47383359057	1.06120327976
3.75	0.857157	-0.171595277778	0.681183179012	-0.401425727959	-1.32838948624	3.90005672359
3.8	0.849268	-0.130435277778	0.905244753086	-0.453785605519	-1.03750127757	5.80699053596
3.85	0.8436085	-0.0777466666667	1.0502257716	-0.506145483078	-0.698131700798	6.67426834327
3.9	0.841379	-0.0212469444444	1.09871157407	-0.523598775598	-0.349065850399	6.95438291458
3.95	0.8415505	0.0344905555556	1.07928549383	-0.541052068118	0	7.08366656288
4	0.844809	0.0893705555556	0.989353858025	-0.523598775598	0.358762124021	7.07289292552
4.05	0.8508115	0.136533055556	0.82664058642	-0.506145483078	0.717524248042	6.71197607403
4.1	0.858872	0.173881944444	0.612530246914	-0.453785605519	1.09567891931	5.11209092637
4.15	0.8686475	0.199321111111	0.354115740741	-0.383972435439	1.24112302364	3.09203392174
4.2	0.8792805	0.211611944444	0.0465802469136	-0.331612557879	1.37687085435	1.39518603786
4.25	0.8905995	0.205228333333	-0.283186728395	-0.244346095279	1.43504849608	-1.1527791973
4.3	0.9005465	0.181123055556	-0.568914197531	-0.174532925199	1.24112302364	-3.26441211947
4.35	0.9091215	0.145489166667	-0.790699691358	-0.12217304764	1.0471975512	-4.28790766848
4.4	0.915467	0.100041666667	-0.955741975309	-0.0698131700798	0.824183257886	-5.33833731088
4.45	0.9194115	0.0476388888889	-1.05694814815	-0.0349065850399	0.513902501976	-6.26487012367
4.5	0.9204405	-0.00914666666667	-1.07441574074	-0.0174532925199	0.174532925199	-6.75507062346
4.55	0.9183825	-0.0636455555556	-1.00359259259	-0.0174532925199	-0.174532925199	-6.92744882119
4.6	0.913752	-0.111284444444	-0.87936095679	-0.0349065850399	-0.523598775598	-6.88435427176
4.65	0.9070635	-0.152920833333	-0.71087808642	-0.0698131700798	-0.872664625997	-6.47495605215
4.7	0.8981455	-0.185505833333	-0.473001234568	-0.12217304764	-1.20233792915	-5.2575350307
4.75	0.8878555	-0.202655833333	-0.181715895062	-0.191986217719	-1.46413731695	-2.70956979553
4.8	0.8772225	-0.203703888889	0.116979938272	-0.279252680319	-1.50292241144	0.452492769036
4.85	0.8669325	-0.190174444444	0.400325462963	-0.349065850399	-1.37687085435	2.84424026251
4.9	0.8576715	-0.162829722222	0.657893055556	-0.418879020479	-1.18294538191	4.44412541017
4.95	0.8501255	-0.122717777778	0.869409722222	-0.471238898038	-0.901753446864	5.37065822296
5	0.8449805	-0.0726016666667	1.0034337963	-0.506145483078	-0.649650332687	6.25409648631
5.05	0.842751	-0.018865	1.05340169753	-0.541052068118	-0.300584482288	7.42303613965
5.1	0.843094	0.0352527777778	1.03498132716	-0.541052068118	0.135747830711	7.74085844172
5.15	0.8463525	0.0870838888889	0.950342901235	-0.523598775598	0.513902501976	7.1806292991
5.2	0.852012	0.133198333333	0.794563734568	-0.488692190558	0.862968352375	6.18406784349
5.25	0.8600725	0.169308611111	0.573995679012	-0.436332312999	1.16355283466	4.4872199596
5.3	0.869505	0.191984722222	0.315739969136	-0.366519142919	1.33808575986	2.26246384518
5.35	0.879795	0.201131388889	0.0432984567901	-0.296705972839	1.37687085435	0.220859565839
5.4	0.890085	0.197225	-0.246187191358	-0.226892802759	1.34778203348	-1.55140377955
5.45	0.9002035	0.176930833333	-0.536466820988	-0.157079632679	1.21203420277	-3.11896801514
5.5	0.9084355	0.141106388889	-0.772385185185	-0.10471975512	1.02780500395	-4.50876723432
5.55	0.9146095	0.0966116666667	-0.935627777778	-0.0523598775598	0.785398163397	-6.19484148084
5.6	0.9183825	0.0449711111111	-1.02847067901	-0.0174532925199	0.378154671265	-7.23449748589
5.65	0.91924	-0.00952777777778	-1.03953348765	-0.0174532925199	0.00969627362219	-7.25065794193
5.7	0.9173535	-0.0623116666667	-0.971939197531	-0.0174532925199	-0.349065850399	-7.04057201345
5.75	0.912723	-0.108807222222	-0.84807808642	-0.0523598775598	-0.698131700798	-6.55037151366
5.8	0.906206	-0.148252222222	-0.685629475309	-0.0872664625997	-1.02780500395	-5.49455505257
5.85	0.897631	-0.179693888889	-0.467549228395	-0.157079632679	-1.29930066537	-3.44217713588
5.9	0.887684	-0.197606111111	-0.192990432099	-0.226892802759	-1.37687085435	-1.21203420277
5.95	0.8772225	-0.1997975	0.102847067901	-0.296705972839	-1.38656712797	0.511747774505
6	0.867104	-0.186744444444	0.388786265432	-0.366519142919	-1.33808575986	2.40790794951
6.05	0.8580145	-0.159780833333	0.645136419753	-0.436332312999	-1.16355283466	4.51954087168
6.1	0.85064	-0.120621666667	0.855435648148	-0.488692190558	-0.862968352375	6.18945466217
6.15	0.845495	-0.0709819444444	0.988242283951	-0.523598775598	-0.513902501976	7.1806292991
6.2	0.843437	-0.0179122222222	1.03154074074	-0.541052068118	-0.135747830711	7.74085844172
6.25	0.84378	0.0343	1.01349089506	-0.541052068118	0.300584482288	7.41764932098
6.3	0.846867	0.0854641666667	0.937374537037	-0.506145483078	0.649650332687	6.21638875556
6.35	0.8525265	0.1311975	0.787470833333	-0.471238898038	0.901753446864	5.18750638787
6.4	0.8604155	0.166736111111	0.576112962963	-0.418879020479	1.17324910829	3.9754721851
6.45	0.8696765	0.190269722222	0.323838580247	-0.349065850399	1.33808575986	2.06853837273
6.5	0.8799665	0.200178611111	0.0436689814815	-0.279252680319	1.37687085435	0.145444104333
6.55	0.8902565	0.19551	-0.252486111111	-0.209439510239	1.34778203348	-1.73994243332
6.6	0.9002035	0.174453611111	-0.53424367284	-0.13962634016	1.20233792915	-3.59300805889
6.65	0.908264	0.139486666667	-0.758781635802	-0.0872664625997	0.989019909463	-5.32756367353
6.7	0.914438	0.0961352777778	-0.921177314815	-0.0349065850399	0.659346606309	-6.72274971139
6.75	0.918211	0.0449711111111	-1.01772546296	-0.0174532925199	0.252103114177	-6.92744882119
6.8	0.9190685	-0.00914666666667	-1.03117021605	-0.0174532925199	-0.0387850944888	-6.91128836515
6.85	0.917182	-0.0611683333333	-0.971409876543	-0.0174532925199	-0.39754721851	-7.37994159022
6.9	0.912723	-0.107949722222	-0.861205246914	-0.0523598775598	-0.824183257886	-6.85742017836
6.95	0.906206	-0.149109722222	-0.700238734568	-0.10471975512	-1.15385656104	-4.96126000335
7	0.8974595	-0.1809325	-0.47204845679	-0.174532925199	-1.33808575986	-2.58567296592
7.05	0.8875125	-0.198368333333	-0.194790123457	-0.244346095279	-1.38656712797	-0.554842323936
7.1	0.877051	-0.201131388889	0.102317746914	-0.314159265359	-1.37687085435	1.17432647202
7.15	0.866761	-0.187983055556	0.395349845679	-0.383972435439	-1.29930066537	3.29134621287
7.2	0.8576715	-0.160161944444	0.653552623457	-0.453785605519	-1.03750127757	5.16595911316
7.25	0.850297	-0.120716944444	0.86051712963	-0.488692190558	-0.727220521664	6.0278501018
7.3	0.845152	-0.0709819444444	0.991947530864	-0.523598775598	-0.446028586621	6.88974109043
7.35	0.843094	-0.0178169444444	1.0373632716	-0.541052068118	-0.0290888208666	7.42303613965
7.4	0.843437	0.0346811111111	1.02555941358	-0.523598775598	0.339369576777	7.10521383759
7.45	0.846524	0.0868933333333	0.953783487654	-0.506145483078	0.688435427176	6.52343742026
7.5	0.852355	0.133293611111	0.805891203704	-0.453785605519	1.00841245671	5.46762095918
7.55	0.860244	0.170070833333	0.594427469136	-0.401425727959	1.24112302364	4.07782174
7.6	0.869848	0.1946525	0.333842746914	-0.331612557879	1.46413731695	1.7183951586
7.65	0.8803095	0.204275555556	0.0483270061728	-0.244346095279	1.46413731695	-1.49214877408
7.7	0.890771	0.200273888889	-0.252697839506	-0.174532925199	1.25081929726	-3.55530032814
7.75	0.901061	0.179026944444	-0.547476697531	-0.12217304764	1.0471975512	-4.43335177281
7.8	0.909293	0.142821388889	-0.78291867284	-0.0698131700798	0.824183257886	-5.37065822296
7.85	0.9156385	0.0979455555556	-0.950660493827	-0.0349065850399	0.513902501976	-6.27025694235
7.9	0.9194115	0.0452569444444	-1.05107268519	-0.0174532925199	0.174532925199	-6.74968380478
7.95	0.920269	-0.0101947222222	-1.07425694444	-0.0174532925199	-0.174532925199	-6.89512790911
8	0.9183825	-0.06517	-1.02153657407	-0.0349065850399	-0.523598775598	-6.73891016742
8.05	0.9135805	-0.115667222222	-0.889682716049	-0.0698131700798	-0.862968352375	-6.18406784349
8.1	0.9063775	-0.156160277778	-0.702779475309	-0.12217304764	-1.17324910829	-4.91816545392
8.15	0.897631	-0.187316111111	-0.474906790123	-0.191986217719	-1.37687085435	-3.03277891627
8.2	0.8871695	-0.205895277778	-0.197066203704	-0.261799387799	-1.50292241144	-0.527908230541
8.25	0.876365	-0.208181944444	0.106816975309	-0.349065850399	-1.46413731695	2.52103114177
8.3	0.865732	-0.194843055556	0.404930555556	-0.418879020479	-1.21203420277	4.78349498695
8.35	0.8562995	-0.166545555556	0.674460802469	-0.471238898038	-0.911449720486	5.66154643162
8.4	0.848582	-0.125671388889	0.89651095679	-0.506145483078	-0.649650332687	6.39954059065
8.45	0.8432655	-0.0738402777778	1.04392685185	-0.541052068118	-0.300584482288	7.45535705173
8.5	0.841036	-0.0174358333333	1.10072299383	-0.541052068118	0.135747830711	7.74624526039
8.55	0.8415505	0.0389686111111	1.08415524691	-0.523598775598	0.513902501976	7.1806292991
8.6	0.8449805	0.0935627777778	0.998034722222	-0.488692190558	0.862968352375	6.18406784349
8.65	0.8511545	0.141773333333	0.838338580247	-0.436332312999	1.16355283466	4.4872199596
8.7	0.859558	0.179979722222	0.614753395062	-0.366519142919	1.33808575986	2.26246384518
8.75	0.8696765	0.205133055556	0.341888425926	-0.296705972839	1.37687085435	0.220859565839
8.8	0.8806525	0.215327777778	0.0378993827161	-0.226892802759	1.34778203348	-1.55140377955
8.85	0.8918	0.209992222222	-0.286045061728	-0.157079632679	1.21203420277	-3.11896801514
8.9	0.902433	0.186172777778	-0.593262962963	-0.10471975512	1.02780500395	-4.50876723432
8.95	0.911008	0.147680555556	-0.835374382716	-0.0523598775598	0.785398163397	-6.19484148084
9	0.917525	0.0998511111111	-1.00846234568	-0.0174532925199	0.378154671265	-7.23449748589
9.05	0.921298	0.0444947222222	-1.11543811728	-0.0174532925199	0.00969627362219	-7.25065794193
9.1	0.9221555	-0.0149586111111	-1.13968101852	-0.0174532925199	-0.349065850399	-7.04057201345
9.15	0.9197545	-0.0731733333333	-1.07446867284	-0.0523598775598	-0.698131700798	-6.55037151366
9.2	0.9146095	-0.125766666667	-0.928323148148	-0.0872664625997	-1.02780500395	-5.49455505257
9.25	0.9067205	-0.167879444444	-0.728081018519	-0.157079632679	-1.29930066537	-3.44217713588
9.3	0.8974595	-0.1997975	-0.488139814815	-0.226892802759	-1.37687085435	-1.21203420277
9.35	0.886312	-0.219615277778	-0.186691512346	-0.296705972839	-1.38656712797	0.511747774504
9.4	0.87465	-0.219901111111	0.145139814815	-0.366519142919	-1.33808575986	2.40790794951
9.45	0.863674	-0.203799166667	0.455057253086	-0.436332312999	-1.16355283466	4.51954087168
9.5	0.853727	-0.173119722222	0.734274074074	-0.488692190558	-0.862968352375	6.18945466216
9.55	0.845838	-0.129006111111	0.971198148148	-0.523598775598	-0.513902501976	7.1806292991
9.6	0.84035	-0.0735544444444	1.14105725309	-0.541052068118	-0.135747830711	7.74085844172
9.65	0.8381205	-0.0100994444444	1.2003941358	-0.541052068118	0.300584482288	7.41764932098
9.7	0.8394925	0.0510688888889	1.15148487654	-0.506145483078	0.649650332687	6.21638875556
9.75	0.843437	0.107378055556	1.03381682099	-0.471238898038	0.901753446864	5.19181584282
9.8	0.8504685	0.156827222222	0.853583024691	-0.418879020479	1.17324910829	4.01533464332
9.85	0.859558	0.195224166667	0.620628858025	-0.349065850399	1.33808575986	2.29586212099
9.9	0.870534	0.21952	0.391051759259	-0.279252680319	1.38462787325	0.992252000672
9.95	0.882196	0.230381666667	0.230572222222	-0.209439510239	1.3962634016	0.373306534455
10	0.8940295	0.234955	0.141328703704	-0.13962634016	1.3962634016	0.103426918638
