Vernier Format 2
Untitled.cmbl 10/31/2024 11:56:46 .
Latest
Time	Position	Velocity 1	Acceleration 1	Angle 2	Velocity 2	Acceleration 2
t	x	v 1	acc 1	Angle 2	v 2	acc 2
s	m	m/s	m/s²	rad	rad/s	rad/s²

0.05	0.823886	0.404930555556	0.386150246914	0	0.872664625997	3.77939198518
0.1	0.8432655	0.425701111111	0.294450679012	0.0349065850399	1.07628637206	3.40393072326
0.15	0.8655605	0.445442666667	0.0625657407408	0.10471975512	1.22754824057	2.883025357
0.2	0.8888845	0.443994444444	-0.387452376543	0.157079632679	1.37687085435	2.10947819469
0.25	0.911351	0.411028333333	-0.960537623457	0.244346095279	1.4835298642	0.442796495413
0.3	0.931245	0.346334722222	-1.50889299383	0.314159265359	1.41565594884	-1.2368135687
0.35	0.947023	0.255344444444	-1.94731898148	0.383972435439	1.34778203348	-2.77421161968
0.4	0.9574845	0.145965555556	-2.24172731481	0.453785605519	1.16355283466	-4.68114543205
0.45	0.962115	0.0246769444444	-2.36802330247	0.506145483078	0.862968352375	-6.26487012367
0.5	0.960057	-0.0988030555556	-2.29862932099	0.541052068118	0.513902501976	-7.40687568362
0.55	0.951825	-0.21266	-2.04296728395	0.558505360638	0.126051557088	-8.39805032055
0.6	0.938105	-0.309176388889	-1.63041450617	0.558505360638	-0.349065850399	-8.71048580393
0.65	0.919926	-0.38073	-1.09040123457	0.523598775598	-0.814486984264	-7.55770660663
0.7	0.8988315	-0.421794722222	-0.463738117284	0.471238898038	-1.15385656104	-5.37065822296
0.75	0.876365	-0.428464166667	0.194313734568	0.401425727959	-1.34778203348	-3.14051528985
0.8	0.8545845	-0.400547777778	0.814254475309	0.331612557879	-1.42535222246	-1.55679059823
0.85	0.835205	-0.343666944444	1.35485	0.261799387799	-1.51261868506	0.204699109802
0.9	0.8192555	-0.261823333333	1.80387299383	0.174532925199	-1.46413731695	2.93581618005
0.95	0.808108	-0.158161111111	2.11977175926	0.10471975512	-1.20233792915	5.34372412956
1	0.802963	-0.0424938888889	2.25760694444	0.0523598775598	-0.872664625997	6.70120243667
1.05	0.8038205	0.0747930555556	2.21457314815	0.0174532925199	-0.513902501976	7.54693296927
1.1	0.8106805	0.185696388889	2.00056867284	0	-0.126051557088	8.2579930349
1.15	0.8230285	0.280878888889	1.63422561728	0	0.339369576777	8.27415349094
1.2	0.839664	0.353575833333	1.14968518519	0.0349065850399	0.775701889775	6.88974109043
1.25	0.8593865	0.399880833333	0.567061574074	0.0872664625997	1.03750127757	5.17134593184
1.3	0.8809955	0.412933888889	-0.0731521604938	0.13962634016	1.25081929726	3.97008536642
1.35	0.90209	0.391496388889	-0.691875462963	0.209439510239	1.47383359057	2.0523779167
1.4	0.921298	0.340332222222	-1.23289444444	0.296705972839	1.50292241144	-0.673352334874
1.45	0.937076	0.264395833333	-1.67376589506	0.366519142919	1.37687085435	-2.88733481194
1.5	0.9485665	0.16807	-1.98648873457	0.436332312999	1.18294538191	-4.45489904753
1.55	0.9543975	0.0591675	-2.13760987654	0.488692190558	0.901753446864	-5.40836595371
1.6	0.954569	-0.0524980555556	-2.12030108025	0.523598775598	0.649650332687	-6.4372483214
1.65	0.9489095	-0.1586375	-1.9509183642	0.558505360638	0.290888208666	-7.90246300209
1.7	0.9382765	-0.253153055556	-1.63718981481	0.558505360638	-0.174532925199	-8.591975793
1.75	0.9228415	-0.328231944444	-1.18239722222	0.541052068118	-0.639954059065	-7.85936845265
1.8	0.9043195	-0.375489722222	-0.628198148148	0.488692190558	-0.998716183086	-6.2056151182
1.85	0.8840825	-0.392449166667	-0.0346705246914	0.436332312999	-1.24112302364	-4.66498497601
1.9	0.8638455	-0.378348055556	0.54837654321	0.366519142919	-1.4835298642	-2.71495661421
1.95	0.845152	-0.335854166667	1.08500216049	0.279252680319	-1.54170750593	-0.177765016407
2	0.8292025	-0.266968333333	1.54191203704	0.209439510239	-1.50292241144	2.39174749347
2.05	0.8175405	-0.176073333333	1.86342160494	0.12217304764	-1.308996939	4.94509954732
2.1	0.811195	-0.0740308333333	2.02475864198	0.0698131700798	-0.940538541353	6.22177557424
2.15	0.8099945	0.0320133333333	2.03783287037	0.0349065850399	-0.659346606309	6.91128836515
2.2	0.8144535	0.135770833333	1.89803919753	0	-0.290888208666	8.08022801849
2.25	0.8240575	0.227713888889	1.6123117284	0	0.174532925199	8.59736261168
2.3	0.837949	0.301554166667	1.20822808642	0.0174532925199	0.639954059065	7.71392434832
2.35	0.855099	0.352337222222	0.709554783951	0.0698131700798	0.989019909463	5.87701917878
2.4	0.874307	0.375108611111	0.150327160494	0.12217304764	1.21203420277	4.14785038283
2.45	0.893858	0.367200555556	-0.410647222222	0.191986217719	1.38656712797	2.59644660328
2.5	0.912037	0.332519444444	-0.934727932099	0.261799387799	1.50292241144	0.495587318468
2.55	0.928158	0.271636944444	-1.39671929012	0.349065850399	1.47383359057	-2.2301429331
2.6	0.940163	0.1877925	-1.7366492284	0.418879020479	1.24112302364	-4.26636039376
2.65	0.947366	0.0918477777778	-1.92736358025	0.471238898038	1.00841245671	-5.51071550861
2.7	0.9495955	-0.0103852777778	-1.97336157407	0.523598775598	0.688435427176	-6.56653196969
2.75	0.946337	-0.111951388889	-1.85839305556	0.541052068118	0.339369576777	-7.29375249136
2.8	0.9379335	-0.20237	-1.59346790123	0.558505360638	-0.0387850944888	-7.93478391416
2.85	0.925414	-0.275733888889	-1.21489753086	0.541052068118	-0.48481368111	-7.88630254605
2.9	0.9094645	-0.3267075	-0.759681481481	0.506145483078	-0.862968352375	-6.99209064534
2.95	0.8918	-0.353385277778	-0.258785030864	0.453785605519	-1.20233792915	-5.4891682339
3	0.8731065	-0.353861666667	0.269371450617	0.383972435439	-1.46413731695	-2.96275027345
3.05	0.8552705	-0.326040555556	0.783871450617	0.296705972839	-1.51261868506	-0.177765016407
3.1	0.8394925	-0.272875555556	1.23538225309	0.226892802759	-1.42535222246	1.70223470256
3.15	0.8271445	-0.198463611111	1.58727484568	0.157079632679	-1.33808575986	3.43140349852
3.2	0.819084	-0.109378888889	1.81530632716	0.0872664625997	-1.12476774017	5.71002779973
3.25	0.8158255	-0.0113380555556	1.89878024691	0.0349065850399	-0.727220521664	7.22911066721
3.3	0.8178835	0.0876555555556	1.81175987654	0.0174532925199	-0.349065850399	7.6923770736
3.35	0.8250865	0.1757875	1.5777470679	0	0.0387850944888	7.89707618341
3.4	0.8360625	0.248865555556	1.24517469136	0.0174532925199	0.475117407487	7.30452612872
3.45	0.85064	0.303840833333	0.823676388889	0.0523598775598	0.814486984264	5.88779281614
3.5	0.867447	0.334139166667	0.335166049383	0.10471975512	1.0471975512	4.62189042658
3.55	0.8851115	0.338045555556	-0.172823302469	0.157079632679	1.25081929726	3.59839487757
3.6	0.9022615	0.316036388889	-0.660222067901	0.226892802759	1.46413731695	1.53524332351
3.65	0.9176965	0.269731388889	-1.08997777778	0.314159265359	1.46413731695	-1.52985650483
3.7	0.9300445	0.203036944444	-1.42540848765	0.383972435439	1.25081929726	-3.56068714682
3.75	0.938448	0.123575277778	-1.66355	0.436332312999	1.0471975512	-4.43873859149
3.8	0.942907	0.032585	-1.78905200617	0.488692190558	0.824183257886	-5.40836595371
3.85	0.941878	-0.0619305555556	-1.75692222222	0.523598775598	0.513902501976	-6.45340877744
3.9	0.93639	-0.149300277778	-1.57388302469	0.541052068118	0.164836651577	-7.22911066721
3.95	0.926443	-0.223998055556	-1.2692587963	0.541052068118	-0.213318019688	-7.74085844172
4	0.9132375	-0.279735555556	-0.873114969136	0.523598775598	-0.649650332687	-7.37455477154
4.05	0.897631	-0.313845	-0.414722993827	0.471238898038	-0.998716183086	-5.98475555236
4.1	0.880824	-0.32242	0.0709290123457	0.418879020479	-1.24112302364	-4.44412541017
4.15	0.86436	-0.305555833333	0.53207345679	0.349065850399	-1.47383359057	-2.2301429331
4.2	0.8494395	-0.266968333333	0.940391666667	0.261799387799	-1.50292241144	0.673352334874
4.25	0.83692	-0.20923	1.28455617284	0.191986217719	-1.37687085435	3.06509982835
4.3	0.8278305	-0.134913333333	1.53534845679	0.12217304764	-1.17324910829	4.9235522726
4.35	0.8230285	-0.0505925	1.66249135802	0.0698131700798	-0.862968352375	6.18945466217
4.4	0.8226855	0.0363961111111	1.66302067901	0.0349065850399	-0.523598775598	6.78200471685
4.45	0.8268015	0.120240555556	1.5435	0.0174532925199	-0.174532925199	7.11598747495
4.5	0.8350335	0.195319444444	1.30472330247	0.0174532925199	0.184229198822	7.40148886494
4.55	0.846867	0.256011388889	0.942032561728	0.0349065850399	0.562383870087	7.51999887588
4.6	0.861616	0.293265	0.492744907407	0.0698131700798	0.989019909463	6.49111650819
4.65	0.8772225	0.305365277778	0.0315475308642	0.13962634016	1.28960439175	3.95392491038
4.7	0.8930005	0.295170555556	-0.40561867284	0.209439510239	1.37687085435	1.40595967522
4.75	0.907578	0.263443055556	-0.805520679012	0.279252680319	1.38656712797	-0.436332312999
4.8	0.9200975	0.21266	-1.15058503086	0.349065850399	1.33808575986	-2.21398247707
4.85	0.92953	0.145012777778	-1.40894660494	0.418879020479	1.17324910829	-4.00779309717
4.9	0.935018	0.0669802777778	-1.55043410494	0.471238898038	0.901753446864	-5.19289320655
4.95	0.93639	-0.0152444444444	-1.56573148148	0.506145483078	0.649650332687	-6.21100193688
5	0.933303	-0.0937533333333	-1.47145941358	0.541052068118	0.300584482288	-7.3853284089
5.05	0.926786	-0.165783333333	-1.28275648148	0.541052068118	-0.135747830711	-7.59541433738
5.1	0.9163245	-0.226665833333	-0.984378240741	0.523598775598	-0.504206228354	-6.88974109043
5.15	0.9032905	-0.267825833333	-0.600038271605	0.488692190558	-0.833879531508	-5.85008508539
5.2	0.888713	-0.288024722222	-0.175946296296	0.436332312999	-1.07628637206	-4.84274999242
5.25	0.873621	-0.285928611111	0.260849382716	0.383972435439	-1.33808575986	-3.38830894909
5.3	0.859215	-0.261156388889	0.675254783951	0.296705972839	-1.47383359057	-0.834956895244
5.35	0.8466955	-0.21609	1.03037623457	0.226892802759	-1.40595967522	1.55140377955
5.4	0.83692	-0.154159444444	1.28974351852	0.157079632679	-1.308996939	3.73306534454
5.45	0.8309175	-0.0825105555556	1.43694768519	0.0872664625997	-1.02780500395	5.63999915691
5.5	0.8285165	-0.00657416666667	1.48162237654	0.0523598775598	-0.698131700798	6.58269242573
5.55	0.8302315	0.0696480555556	1.42244429012	0.0174532925199	-0.349065850399	7.0513456508
5.6	0.8357195	0.139867777778	1.25819598765	0.0174532925199	0.00969627362219	7.28836567268
5.65	0.8446375	0.199321111111	0.998616975309	0.0174532925199	0.378154671265	7.41764932098
5.7	0.8562995	0.242767777778	0.663027469136	0.0523598775598	0.79509443702	6.66349470592
5.75	0.8696765	0.267158888889	0.283610185185	0.10471975512	1.06659009844	5.28446912409
5.8	0.8837395	0.272303888889	-0.123437654321	0.157079632679	1.33808575986	3.42601667984
5.85	0.8978025	0.255249166667	-0.533185030864	0.244346095279	1.46413731695	0.58716323601
5.9	0.9101505	0.216756944444	-0.889576851852	0.314159265359	1.37687085435	-1.8476788069
5.95	0.9200975	0.162353333333	-1.15407854938	0.383972435439	1.2217304764	-3.22670438872
6	0.926786	0.0973738888889	-1.31938549383	0.436332312999	1.03750127757	-4.1801712949
6.05	0.9300445	0.0267730555556	-1.38835601852	0.488692190558	0.824183257886	-5.41375277239
6.1	0.92953	-0.0451616666667	-1.36030200617	0.523598775598	0.504206228354	-6.74968380478
6.15	0.925414	-0.113666388889	-1.2263308642	0.541052068118	0.135747830711	-7.74085844172
6.2	0.9176965	-0.171404722222	-1.00274567901	0.541052068118	-0.31028075591	-7.85398163397
6.25	0.9077495	-0.215899444444	-0.721305709877	0.506145483078	-0.688435427176	-7.02441155741
6.3	0.895573	-0.245816666667	-0.384234104938	0.471238898038	-1.02780500395	-5.67770688766
6.35	0.8823675	-0.256106666667	-0.00831033950617	0.401425727959	-1.29930066537	-3.47988486663
6.4	0.869162	-0.246483611111	0.365549074074	0.331612557879	-1.37687085435	-1.21742102145
6.45	0.8569855	-0.218186111111	0.707278703704	0.261799387799	-1.38656712797	0.511747774505
6.5	0.8466955	-0.173500833333	0.992847376543	0.191986217719	-1.33808575986	2.40252113083
6.55	0.8391495	-0.116143611111	1.20531682099	0.12217304764	-1.16355283466	4.4872199596
6.6	0.8346905	-0.0494491666667	1.32510216049	0.0698131700798	-0.862968352375	6.04401055783
6.65	0.8340045	0.0215327777778	1.32261435185	0.0349065850399	-0.523598775598	6.88974109043
6.7	0.8370915	0.087465	1.20764583333	0.0174532925199	-0.164836651577	7.40148886494
6.75	0.843094	0.145012777778	1.01693148148	0.0174532925199	0.213318019688	7.74085844172
6.8	0.852012	0.191508333333	0.763280864198	0.0349065850399	0.649650332687	7.19678975514
6.85	0.8628165	0.223426388889	0.458233179012	0.0872664625997	0.989019909463	5.51071550861
6.9	0.874993	0.238956666667	0.116927006173	0.13962634016	1.20233792915	3.63071578964
6.95	0.8875125	0.235240833333	-0.22893132716	0.209439510239	1.34778203348	1.74532925199
7	0.8991745	0.214565555556	-0.545465277778	0.279252680319	1.37687085435	-0.145444104333
7.05	0.9094645	0.179979722222	-0.835903703704	0.349065850399	1.33808575986	-2.06853837273
7.1	0.917868	0.129291944444	-1.07552731481	0.418879020479	1.17324910829	-3.9754721851
7.15	0.9228415	0.0679330555556	-1.21214506173	0.471238898038	0.901753446864	-5.18750638787
7.2	0.924728	0.00371583333333	-1.24289861111	0.506145483078	0.649650332687	-6.21638875556
7.25	0.9231845	-0.0597391666667	-1.18303240741	0.541052068118	0.300584482288	-7.41764932098
7.3	0.918554	-0.117953888889	-1.03651635802	0.541052068118	-0.135747830711	-7.74085844172
7.35	0.911008	-0.166450277778	-0.813619290123	0.523598775598	-0.513902501976	-7.1806292991
7.4	0.901404	-0.201988888889	-0.528050617284	0.488692190558	-0.862968352375	-6.18945466217
7.45	0.890085	-0.220282222222	-0.214639660494	0.436332312999	-1.16355283466	-4.51954087168
7.5	0.878766	-0.222854722222	0.0929487654321	0.366519142919	-1.33808575986	-2.40790794951
7.55	0.8672755	-0.211040277778	0.398102314815	0.296705972839	-1.38656712797	-0.511747774505
7.6	0.8569855	-0.182742777778	0.687799691358	0.226892802759	-1.37687085435	1.21742102145
7.65	0.8484105	-0.140058333333	0.92440617284	0.157079632679	-1.29930066537	3.47988486663
7.7	0.8425795	-0.0870838888889	1.08436697531	0.0872664625997	-1.02780500395	5.67232006898
7.75	0.8394925	-0.0283927777778	1.1617537037	0.0523598775598	-0.688435427176	6.99209064534
7.8	0.839664	0.0322038888889	1.15534891975	0.0174532925199	-0.31028075591	7.70853752964
7.85	0.842751	0.0909902777778	1.05414274691	0.0174532925199	0.126051557088	7.44997023305
7.9	0.8490965	0.141678055556	0.858717438272	0.0349065850399	0.475117407487	6.40492740932
7.95	0.8575	0.178836388889	0.608983796296	0.0698131700798	0.736916795286	5.70464098106
8	0.867447	0.203418055556	0.331196141975	0.10471975512	1.03750127757	5.01512819014
8.05	0.878423	0.213041111111	0.0293773148148	0.174532925199	1.29930066537	3.25363848211
8.1	0.889399	0.206562222222	-0.275035185185	0.244346095279	1.37687085435	1.13661874127
8.15	0.899689	0.184648333333	-0.555945833333	0.314159265359	1.38656712797	-0.700286428269
8.2	0.9084355	0.148823888889	-0.785777006173	0.383972435439	1.32838948624	-2.88194799326
8.25	0.9149525	0.103090555556	-0.947219907407	0.453785605519	1.12476774017	-5.33833731088
8.3	0.918897	0.0522122222222	-1.05403688272	0.506145483078	0.736916795286	-6.71736289271
8.35	0.9204405	-0.0042875	-1.1018875	0.523598775598	0.387850944888	-6.8735806344
8.4	0.918554	-0.0621211111111	-1.05350756173	0.541052068118	0.0872664625997	-7.40687568362
8.45	0.9139235	-0.113380555556	-0.914560802469	0.541052068118	-0.349065850399	-7.79472662851
8.5	0.906892	-0.156160277778	-0.70701404321	0.506145483078	-0.775701889775	-6.70120243667
8.55	0.8978025	-0.186268055556	-0.444523765432	0.453785605519	-1.03750127757	-5.09593047033
8.6	0.887684	-0.201703055556	-0.154032407407	0.401425727959	-1.25081929726	-3.78154671265
8.65	0.877051	-0.202179444444	0.145457407407	0.331612557879	-1.46413731695	-1.57295105427
8.7	0.866761	-0.185982222222	0.418798765432	0.244346095279	-1.46413731695	1.52446968616
8.75	0.8580145	-0.157970555556	0.641907561728	0.174532925199	-1.25081929726	3.56607396549
8.8	0.85064	-0.120716944444	0.830398765432	0.12217304764	-1.0471975512	4.47105950357
8.85	0.845495	-0.0732686111111	0.971251080247	0.0698131700798	-0.824183257886	5.55381005804
8.9	0.843094	-0.0203894444444	1.03683395062	0.0349065850399	-0.504206228354	6.7442969861
8.95	0.843437	0.0334425	1.02693564815	0.0174532925199	-0.135747830711	7.56309342531
9	0.846524	0.0850830555556	0.943779320988	0.0174532925199	0.300584482288	7.3853284089
9.05	0.8521835	0.130530555556	0.789958641975	0.0523598775598	0.649650332687	6.24332284895
9.1	0.859901	0.167117222222	0.564838425926	0.0872664625997	0.901753446864	5.3329504922
9.15	0.869505	0.189221666667	0.288479938272	0.13962634016	1.18294538191	4.26097357508
9.2	0.879452	0.195891111111	0.00635185185185	0.209439510239	1.36717458073	2.37558703744
9.25	0.8895705	0.1895075	-0.267942283951	0.279252680319	1.46413731695	-0.32320912074
9.3	0.899003	0.168451111111	-0.522016358025	0.366519142919	1.33808575986	-3.01661846024
9.35	0.906892	0.135389722222	-0.729457253086	0.418879020479	1.08598264569	-4.29329448716
9.4	0.9128945	0.0932769444444	-0.880895987654	0.471238898038	0.872664625997	-4.8481368111
9.45	0.916496	0.0444947222222	-0.964846296296	0.506145483078	0.639954059065	-5.92550054689
9.5	0.9173535	-0.00552611111111	-0.988242283951	0.541052068118	0.300584482288	-7.27220521664
9.55	0.9159815	-0.0561186111111	-0.958018055556	0.541052068118	-0.135747830711	-7.71392434832
9.6	0.911694	-0.104519722222	-0.850777623457	0.523598775598	-0.513902501976	-7.21295021117
9.65	0.905177	-0.144536388889	-0.665779938272	0.488692190558	-0.862968352375	-6.36721967857
9.7	0.8967735	-0.173119722222	-0.428273611111	0.436332312999	-1.17324910829	-4.95587318468
9.75	0.887341	-0.188364166667	-0.164470617284	0.366519142919	-1.37687085435	-3.04678464484
9.8	0.877394	-0.189793333333	0.100036373457	0.296705972839	-1.50292241144	-0.596859509633
9.85	0.86779	-0.176740277778	0.319905725309	0.209439510239	-1.46413731695	2.22260138695
9.9	0.859215	-0.153892666667	0.44632875	0.13962634016	-1.22754824057	3.89790199612
9.95	0.8521835	-0.126767083333	0.473043580247	0.0872664625997	-0.989019909463	4.08266987681
10	0.8477245	-0.105186666667	0.457661512346	0.0523598775598	-0.814486984264	3.84403380933
