Vernier Format 2
Untitled.cmbl 10/3/2024 12:09:14 .
Latest
Time	Radiation
t	Rad
s	Counts

0.5	33
1	46
1.5	45
2	40
2.5	36
3	32
3.5	46
4	29
4.5	40
5	29
5.5	47
6	44
6.5	33
7	36
7.5	32
8	41
8.5	36
9	42
9.5	27
10	46
10.5	30
11	36
11.5	37
12	40
12.5	38
13	43
13.5	34
14	40
14.5	31
15	29
15.5	34
16	28
16.5	49
17	39
17.5	28
18	33
18.5	40
19	36
19.5	38
20	31
20.5	35
21	36
21.5	46
22	31
22.5	33
23	40
23.5	39
24	30
24.5	31
25	31
25.5	45
26	37
26.5	47
27	39
27.5	34
28	38
28.5	30
29	51
29.5	39
30	30
30.5	39
31	42
31.5	36
32	31
32.5	34
33	50
33.5	34
34	43
34.5	40
35	46
35.5	30
36	35
36.5	41
37	36
37.5	32
38	43
38.5	34
39	32
39.5	30
40	35
40.5	43
41	31
41.5	36
42	43
42.5	39
43	34
43.5	32
44	38
44.5	35
45	41
45.5	36
46	36
46.5	34
47	47
47.5	37
48	37
48.5	28
49	32
49.5	29
50	38
50.5	33
51	33
51.5	32
52	36
52.5	44
53	35
53.5	41
54	38
54.5	32
55	41
55.5	37
56	38
56.5	48
57	35
57.5	33
58	45
58.5	29
59	39
59.5	47
60	46
60.5	34
61	44
61.5	37
62	36
62.5	32
63	33
63.5	34
64	39
64.5	33
65	37
65.5	49
66	34
66.5	44
67	35
67.5	26
68	33
68.5	39
69	37
69.5	40
70	38
70.5	39
71	37
71.5	40
72	36
72.5	33
73	32
73.5	46
74	39
74.5	33
75	39
75.5	29
76	47
76.5	31
77	30
77.5	44
78	30
78.5	35
79	28
79.5	36
80	32
80.5	23
81	33
81.5	31
82	41
82.5	28
83	43
83.5	41
84	36
84.5	33
85	33
85.5	37
86	38
86.5	40
87	36
87.5	42
88	39
88.5	33
89	45
89.5	46
90	34
90.5	39
91	37
91.5	32
92	28
92.5	36
93	47
93.5	41
94	43
94.5	42
95	33
95.5	32
96	40
96.5	30
97	36
97.5	37
98	34
98.5	47
99	40
99.5	30
100	36
100.5	37
101	37
101.5	37
102	48
102.5	34
103	37
103.5	39
104	36
104.5	29
105	33
105.5	31
106	41
106.5	32
107	43
107.5	31
108	37
108.5	26
109	42
109.5	38
110	42
110.5	26
111	39
111.5	31
112	40
112.5	32
113	44
113.5	34
114	30
114.5	38
115	23
115.5	40
116	35
116.5	36
117	49
117.5	40
118	36
118.5	36
119	34
119.5	39
120	35
120.5	41
121	32
121.5	46
122	35
122.5	38
123	42
123.5	38
124	43
124.5	34
125	38
125.5	29
126	42
126.5	45
127	33
127.5	35
128	38
128.5	32
129	41
129.5	33
130	41
130.5	36
131	32
131.5	37
132	33
132.5	35
133	44
133.5	27
134	29
134.5	33
135	33
135.5	43
136	36
136.5	48
137	32
137.5	37
138	46
138.5	39
139	42
139.5	31
140	34
140.5	42
141	44
141.5	24
142	37
142.5	28
143	41
143.5	37
144	35
144.5	40
145	25
145.5	33
146	31
146.5	44
147	52
147.5	35
148	30
148.5	41
149	22
149.5	29
150	37
150.5	41
151	35
151.5	50
152	32
152.5	31
153	39
153.5	27
154	46
154.5	44
155	48
155.5	27
156	42
156.5	27
157	30
157.5	35
158	30
158.5	43
159	37
159.5	50
160	31
160.5	36
161	41
161.5	32
162	38
162.5	34
163	32
163.5	30
164	38
164.5	38
165	44
165.5	39
166	28
166.5	34
167	31
167.5	44
168	41
168.5	41
169	29
169.5	38
170	45
170.5	41
171	36
171.5	40
172	43
172.5	41
173	37
173.5	35
174	48
174.5	36
175	26
175.5	39
176	33
176.5	40
177	32
177.5	40
178	33
178.5	40
179	32
179.5	47
180	39
180.5	38
181	43
181.5	44
182	37
182.5	42
183	35
183.5	27
184	30
184.5	29
185	34
185.5	42
186	32
186.5	45
187	32
187.5	42
188	38
188.5	42
189	34
189.5	47
190	29
190.5	39
191	40
191.5	45
192	30
192.5	31
193	41
193.5	44
194	33
194.5	37
195	39
195.5	25
196	36
196.5	27
197	32
197.5	31
198	39
198.5	35
199	33
199.5	22
200	37
200.5	38
201	29
201.5	40
202	31
202.5	44
203	44
203.5	37
204	34
204.5	42
205	36
205.5	47
206	34
206.5	39
207	36
207.5	39
208	33
208.5	38
209	37
209.5	40
210	45
210.5	35
211	39
211.5	48
212	37
212.5	38
213	24
213.5	41
214	30
214.5	35
215	32
215.5	39
216	27
216.5	29
217	33
217.5	36
218	25
218.5	28
219	39
219.5	40
220	36
220.5	38
221	39
221.5	39
222	29
222.5	30
223	32
223.5	32
224	43
224.5	41
225	33
225.5	29
226	41
226.5	39
227	29
227.5	39
228	32
228.5	28
229	41
229.5	36
230	29
230.5	37
231	40
231.5	38
232	46
232.5	39
233	41
233.5	42
234	40
234.5	31
235	28
235.5	35
236	42
236.5	35
237	38
237.5	44
238	43
238.5	35
239	41
239.5	42
240	26
240.5	47
241	29
241.5	27
242	38
242.5	31
243	37
243.5	36
244	30
244.5	40
245	38
245.5	34
246	36
246.5	34
247	27
247.5	38
248	30
248.5	32
249	29
249.5	32
250	31
250.5	37
251	36
251.5	42
252	36
252.5	35
253	30
253.5	38
254	39
254.5	35
255	38
255.5	41
256	38
256.5	38
257	35
257.5	32
258	44
258.5	36
259	34
259.5	31
260	39
260.5	32
261	38
261.5	33
262	33
262.5	42
263	36
263.5	46
264	40
264.5	33
265	26
265.5	22
266	42
266.5	45
267	43
267.5	33
268	37
268.5	37
269	38
269.5	42
270	38
270.5	29
271	36
271.5	39
272	34
272.5	39
273	37
273.5	34
274	39
274.5	41
275	38
275.5	26
276	41
276.5	34
277	41
277.5	32
278	33
278.5	43
279	42
279.5	39
280	55
280.5	44
281	37
281.5	30
282	30
282.5	32
283	40
283.5	44
284	36
284.5	43
285	39
285.5	49
286	37
286.5	35
287	34
287.5	30
288	41
288.5	33
289	27
289.5	27
290	38
290.5	41
291	40
291.5	35
292	36
292.5	47
293	39
293.5	39
294	42
294.5	40
295	38
295.5	38
296	32
296.5	29
297	35
297.5	41
298	34
298.5	38
299	30
299.5	41
300	41
300.5	40
301	38
301.5	36
302	36
302.5	45
303	40
303.5	36
304	29
304.5	42
305	26
305.5	32
306	51
306.5	40
307	34
307.5	39
308	50
308.5	42
309	42
309.5	42
310	39
310.5	43
311	35
311.5	45
312	47
312.5	41
313	42
313.5	34
314	37
314.5	30
315	32
315.5	28
316	34
316.5	38
317	25
317.5	47
318	33
318.5	38
319	36
319.5	37
320	37
320.5	43
321	42
321.5	42
322	37
322.5	30
323	34
323.5	38
324	33
324.5	42
325	36
325.5	32
326	35
326.5	40
327	39
327.5	36
328	50
328.5	34
329	40
329.5	36
330	28
330.5	39
331	36
331.5	31
332	33
332.5	24
333	33
333.5	38
334	41
334.5	39
335	38
335.5	34
336	36
336.5	40
337	33
337.5	42
338	36
338.5	38
339	28
339.5	26
340	43
340.5	19
341	39
341.5	41
342	39
342.5	40
343	26
343.5	30
344	36
344.5	27
345	40
345.5	45
346	46
346.5	35
347	37
347.5	34
348	36
348.5	36
349	39
349.5	32
350	40
350.5	30
351	47
351.5	40
352	41
352.5	36
353	40
353.5	41
354	45
354.5	41
355	26
355.5	39
356	27
356.5	32
357	46
357.5	42
358	28
358.5	50
359	37
359.5	40
360	32
360.5	36
361	32
361.5	40
362	45
362.5	35
363	35
363.5	32
364	34
364.5	25
365	41
365.5	37
366	30
366.5	40
367	37
367.5	29
368	31
368.5	38
369	35
369.5	41
370	44
370.5	36
371	47
371.5	36
372	34
372.5	35
373	39
373.5	36
374	31
374.5	32
375	47
375.5	34
376	47
376.5	33
377	33
377.5	37
378	32
378.5	40
379	36
379.5	40
380	27
380.5	39
381	37
381.5	43
382	37
382.5	43
383	44
383.5	39
384	39
384.5	40
385	46
385.5	32
386	35
386.5	48
387	37
387.5	41
388	47
388.5	39
389	39
389.5	38
390	30
390.5	41
391	47
391.5	45
392	32
392.5	41
393	36
393.5	33
394	35
394.5	33
395	37
395.5	27
396	32
396.5	38
397	35
397.5	44
398	38
398.5	41
399	30
399.5	47
400	40
400.5	39
401	29
401.5	35
402	42
402.5	43
403	43
403.5	33
404	30
404.5	35
405	27
405.5	32
406	39
406.5	39
407	47
407.5	49
408	29
408.5	35
409	30
409.5	35
410	35
410.5	33
411	48
411.5	43
412	36
412.5	36
413	35
413.5	38
414	37
414.5	40
415	43
415.5	35
416	48
416.5	48
417	37
417.5	40
418	33
418.5	46
419	32
419.5	46
420	37
420.5	36
421	36
421.5	32
422	42
422.5	33
423	39
423.5	46
424	44
424.5	43
425	33
425.5	40
426	41
426.5	41
427	27
427.5	23
428	40
428.5	49
429	44
429.5	37
430	34
430.5	41
431	35
431.5	28
432	32
432.5	40
433	37
433.5	27
434	34
434.5	33
435	37
435.5	34
436	42
436.5	36
437	43
437.5	30
438	46
438.5	37
439	37
439.5	34
440	41
440.5	46
441	30
441.5	32
442	40
442.5	36
443	51
443.5	33
444	31
444.5	40
445	38
445.5	42
446	38
446.5	35
447	45
447.5	42
448	37
448.5	40
449	33
449.5	37
450	33
450.5	40
451	34
451.5	36
452	30
452.5	35
453	43
453.5	35
454	38
454.5	39
455	37
455.5	44
456	38
456.5	31
457	35
457.5	40
458	30
458.5	43
459	40
459.5	35
460	42
460.5	43
461	35
461.5	40
462	42
462.5	39
463	42
463.5	48
464	40
464.5	36
465	30
465.5	35
466	33
466.5	35
467	43
467.5	37
468	37
468.5	39
469	41
469.5	33
470	35
470.5	27
471	37
471.5	39
472	40
472.5	43
473	36
473.5	52
474	29
474.5	33
475	35
475.5	33
476	39
476.5	41
477	38
477.5	47
478	43
478.5	41
479	30
479.5	33
480	35
480.5	39
481	33
481.5	33
482	31
482.5	47
483	41
483.5	31
484	32
484.5	37
485	44
485.5	39
486	36
486.5	40
487	30
487.5	39
488	36
488.5	27
489	35
489.5	28
490	35
490.5	36
491	41
491.5	44
492	44
492.5	43
493	32
493.5	42
494	34
494.5	40
495	40
495.5	42
496	40
496.5	30
497	38
497.5	35
498	32
498.5	30
499	40
499.5	31
500	47
500.5	36
501	33
501.5	27
502	27
502.5	45
503	30
503.5	40
504	28
504.5	35
505	43
505.5	43
506	25
506.5	38
507	31
507.5	29
508	43
508.5	35
509	39
509.5	33
510	38
510.5	33
511	35
511.5	36
512	27
512.5	47
513	38
513.5	45
514	37
514.5	41
515	32
515.5	34
516	42
516.5	32
517	42
517.5	39
518	43
518.5	36
519	36
519.5	29
520	37
520.5	39
521	42
521.5	42
522	37
522.5	34
523	38
523.5	40
524	34
524.5	32
525	38
525.5	38
526	35
526.5	39
527	34
527.5	45
528	33
528.5	41
529	33
529.5	45
530	38
530.5	32
531	30
531.5	34
532	40
532.5	30
533	31
533.5	39
534	42
534.5	41
535	30
535.5	37
536	45
536.5	50
537	40
537.5	37
538	41
538.5	27
539	34
539.5	26
540	34
540.5	45
541	32
541.5	44
542	32
542.5	39
543	43
543.5	39
544	39
544.5	41
545	46
545.5	31
546	45
546.5	37
547	45
547.5	35
548	35
548.5	41
549	43
549.5	44
550	35
550.5	39
551	39
551.5	35
552	39
552.5	35
553	31
553.5	39
554	36
554.5	36
555	32
555.5	36
556	35
556.5	39
557	31
557.5	46
558	32
558.5	33
559	51
559.5	37
560	37
560.5	34
561	40
561.5	31
562	42
562.5	36
563	34
563.5	29
564	35
564.5	30
565	27
565.5	37
566	29
566.5	46
567	35
567.5	44
568	42
568.5	34
569	37
569.5	42
570	37
570.5	52
571	35
571.5	33
572	39
572.5	33
573	42
573.5	40
574	33
574.5	43
575	40
575.5	48
576	52
576.5	36
577	40
577.5	35
578	38
578.5	39
579	37
579.5	29
580	45
580.5	42
581	34
581.5	27
582	40
582.5	40
583	39
583.5	40
584	46
584.5	35
585	39
585.5	37
586	46
586.5	27
587	31
587.5	43
588	35
588.5	34
589	25
589.5	38
590	42
590.5	34
591	24
591.5	39
592	35
592.5	43
593	40
593.5	46
594	29
594.5	41
595	34
595.5	42
596	35
596.5	34
597	24
597.5	35
598	33
598.5	24
599	35
599.5	37
600	37
