Time,Position,Velocity1,Acceleration1,Angle2,Velocity2,Acceleration2
0.05,0.894201,-0.193985555556,-0.0423880246913,0.296705972839,8.24183257886,3.54560405451
0.1,0.8847685,-0.198463611111,0.0522333950617,0.698131700798,8.46969500898,0.98740386386
0.15,0.874307,-0.197682333333,0.241815,1.1344640138,8.62192650485,-4.78187894134
0.2,0.8641885,-0.180741944444,0.546852098765,1.58824961931,8.24183257886,-15.047000616
0.25,0.855442,-0.144441111111,0.900131512346,1.98967534727,7.14615365955,-26.8592166153
0.3,0.848925,-0.0880366666667,1.18963833333,2.32128790515,5.51717969103,-37.9943095067
0.35,0.846181,-0.0201036111111,1.34114058642,2.56563400043,3.29673303154,-47.5656089355
0.4,0.846524,0.0546894444444,1.29350169753,2.67035375555,0.62056151182,-53.6042326747
0.45,0.8521835,0.118335,1.04683811728,2.63544717051,-2.25923175397,-54.6923700478
0.5,0.8593865,0.160447777778,0.745548611111,2.44346095279,-5.09054365165,-49.5587318468
0.55,0.868476,0.192461111111,0.426526851852,2.11184839491,-7.5146120572,-37.1582752477
0.6,0.8792805,0.206752777778,0.0341412037037,1.65806278939,-9.09510465761,-18.0242952999
0.65,0.890085,0.198558888889,-0.4073125,1.15191730632,-9.46356305526,4.7188531628
0.7,0.9002035,0.165021111111,-0.824311574074,0.663225115758,-8.61029097651,27.251915697
0.75,0.9074065,0.111189166667,-1.13089429012,0.244346095279,-6.60316233671,46.2619988152
0.8,0.911694,0.0466861111111,-1.30647006173,-0.0349065850399,-3.69428025005,58.2153494639
0.85,0.91238,-0.0247722222222,-1.34256975309,-0.13962634016,-0.407243492132,61.2211942868
0.9,0.9091215,-0.0938486111111,-1.22236095679,-0.0698131700798,2.76343798232,55.9474988
0.95,0.9026045,-0.152825555556,-0.959817746914,0.157079632679,5.43960950205,44.3173572721
1,0.893172,-0.194747777778,-0.586858179012,0.506145483078,7.340079132,28.8625744821
1.05,0.8820245,-0.212278888889,-0.182827469136,0.925024503557,8.37758040957,11.9210297366
1.1,0.87122,-0.210373333333,0.190979012346,1.37881010908,8.53272078753,-4.98280727807
1.15,0.8607585,-0.196462777778,0.616182561728,1.81514242207,7.79580399224,-20.0712863979
1.2,0.8501255,-0.151396388889,1.06398811728,2.18166156499,6.41893313789,-32.7303102936
1.25,0.844466,-0.0814625,1.33431234568,2.47836753783,4.46998213983,-43.5955235691
1.3,0.842065,-0.00886083333333,1.40042453704,2.65290046303,1.95864727168,-51.6218834008
1.35,0.8436085,0.0633597222222,1.32404351852,2.68780704807,-0.882360899619,-55.0048055312
1.4,0.848582,0.129101388889,1.10501049383,2.56563400043,-3.76215416541,-52.7477285047
1.45,0.857157,0.179408055556,0.757034876543,2.30383461263,-6.40923686427,-44.0480163381
1.5,0.867447,0.207610277778,0.334372067901,1.90240888467,-8.46484687217,-28.275411246
1.55,0.878766,0.213708055556,-0.115603703704,1.41371669412,-9.46356305526,-7.14830838703
1.6,0.889742,0.196176944444,-0.561556635802,0.907571211037,-9.25994130919,15.9503701085
1.65,0.899346,0.155302777778,-0.945473148148,0.436332312999,-7.79580399224,37.287558896
1.7,0.9060345,0.0962305555556,-1.20208796296,0.0872664625997,-5.31355794496,53.2810235539
1.75,0.909293,0.0283927777778,-1.30207669753,-0.12217304764,-2.16226901775,61.6575265998
1.8,0.9087785,-0.0387780555556,-1.27217006173,-0.13962634016,1.23142675002,60.897985166
1.85,0.9053485,-0.102995277778,-1.1233779321,0.0174532925199,4.26636039376,51.8804506974
1.9,0.8981455,-0.157589444444,-0.821664969136,0.314159265359,6.63225115758,37.3737479949
1.95,0.888713,-0.190650833333,-0.398790432099,0.715584993318,8.1254772954,19.8342663761
2,0.87808,-0.199416388889,0.0609777777778,1.16937059884,8.60059470288,2.32171885065
2.05,0.867447,-0.179789166667,0.437113271605,1.60570291183,8.27092139973,-13.4131785107
2.1,0.859901,-0.149776666667,0.704579166667,2.02458193231,7.20433130129,-27.5158698123
2.15,0.8525265,-0.114428611111,1.02757083333,2.35619449019,5.4202169548,-39.1567849776
2.2,0.8466955,-0.0462097222222,1.29741867284,2.58308729295,3.17068147446,-47.8780444189
2.25,0.847553,0.0297266666667,1.28540308642,2.68780704807,0.542991322843,-53.7550635977
2.3,0.85064,0.0895611111111,1.10040540123,2.65290046303,-2.39497958468,-54.7408514159
2.35,0.856814,0.140153611111,0.859934876543,2.44346095279,-5.21659520874,-48.8961531492
2.4,0.865046,0.178264722222,0.548323611111,2.11184839491,-7.55339715169,-36.3448656272
2.45,0.875336,0.199035277778,0.151703395062,1.65806278939,-9.10480093124,-17.7226334539
2.5,0.885969,0.195414722222,-0.291073611111,1.15191730632,-9.47325932888,4.46567268489
2.55,0.8957445,0.169213333333,-0.713948148148,0.663225115758,-8.64907607099,26.6593656423
2.6,0.903805,0.121098055556,-1.05742453704,0.244346095279,-6.71951762018,46.2566119965
2.65,0.908607,0.0561186111111,-1.23723487654,-0.0523598775598,-3.78154671265,59.5512804963
2.7,0.909293,-0.00924194444444,-1.26026033951,-0.157079632679,-0.319977029532,62.6702485114
2.75,0.907578,-0.0725063888889,-1.19076049383,-0.0698131700798,2.88948953941,56.2276133713
2.8,0.90209,-0.133388888889,-0.996658487654,0.157079632679,5.5074834174,44.0587899755
2.85,0.893515,-0.178169444444,-0.667685493827,0.506145483078,7.43704186822,28.2484771526
2.9,0.8833965,-0.202084166667,-0.272229783951,0.942477796077,8.3872766832,11.0537519293
2.95,0.8727635,-0.2083725,0.187697222222,1.37881010908,8.47454314579,-5.00435455279
3,0.861273,-0.18522,0.668955864198,1.81514242207,7.85398163397,-20.0658995793
3.05,0.853041,-0.135199166667,1.02010740741,2.19911485751,6.40923686427,-33.4575308152
3.1,0.847553,-0.0762222222222,1.21389182099,2.47836753783,4.38271567723,-43.9564404206
3.15,0.845152,-0.0101947222222,1.29625416667,2.65290046303,1.91986217719,-51.7242329557
3.2,0.8463525,0.0585958333333,1.24443364198,2.68780704807,-0.93084226773,-55.5219401244
3.25,0.851326,0.120145277778,1.04959058642,2.56563400043,-3.8882057225,-53.0924849002
3.3,0.858872,0.168641666667,0.72845154321,2.28638132011,-6.53528842136,-43.5201081076
3.35,0.8689905,0.197129722222,0.309652777778,1.88495559215,-8.50363196666,-27.4189070761
3.4,0.8796235,0.200655,-0.138523302469,1.3962634016,-9.47325932888,-6.49111650819
3.45,0.8899135,0.181980555556,-0.558539506173,0.890117918517,-9.25024503557,16.612948806
3.5,0.89866,0.142345,-0.913502160494,0.418879020479,-7.75701889775,38.176383978
3.55,0.904834,0.0860358333333,-1.15503132716,0.0698131700798,-5.18750638787,53.9543758888
3.6,0.907578,0.0213422222222,-1.25957222222,-0.12217304764,-2.02652118704,61.6090452317
3.65,0.9070635,-0.0457333333333,-1.21484459877,-0.13962634016,1.308996939,60.747154243
3.7,0.902776,-0.106234722222,-1.02206589506,0.0174532925199,4.39241195085,51.568015214
3.75,0.895916,-0.153587777778,-0.705108487654,0.331612557879,6.7292138938,36.1778742481
3.8,0.886312,-0.177311944444,-0.356921141975,0.733038285838,8.06729965366,18.8323181018
3.85,0.877737,-0.187030277778,-0.0317592592593,1.16937059884,8.57150588202,2.00389654859
3.9,0.8672755,-0.184267222222,0.359673611111,1.62315620435,8.23213630524,-13.7956426369
3.95,0.8580145,-0.153111388889,0.776990277778,2.02458193231,7.10736856507,-27.5535775431
4,0.8511545,-0.102233055556,1.09929382716,2.35619449019,5.38143186032,-38.9682463238
4.05,0.84721,-0.0366819444444,1.2692587963,2.58308729295,3.13189637997,-48.0719698914
4.1,0.8473815,0.0319180555556,1.26391265432,2.68780704807,0.446028586621,-53.7550635977
4.15,0.85064,0.0952777777778,1.11538518519,2.63544717051,-2.43376467917,-54.5415391248
4.2,0.8573285,0.147871111111,0.850989351852,2.44346095279,-5.25538030323,-49.0523708909
4.25,0.866075,0.183981388889,0.49607962963,2.09439510239,-7.65035988791,-36.1563269734
4.3,0.8765365,0.199892777778,0.0815154320988,1.64060949687,-9.1338897521,-17.0169602069
4.35,0.886998,0.192842222222,-0.355121450617,1.1344640138,-9.47325932888,5.27369548674
4.4,0.896602,0.163973055556,-0.769526851852,0.645771823238,-8.61029097651,27.6613139166
4.45,0.9043195,0.113952222222,-1.11295030864,0.226892802759,-6.59346606309,46.9622852435
4.5,0.9091215,0.0420175,-1.24528055556,-0.0523598775598,-3.64579888194,59.5458936776
4.55,0.907578,-0.0175311111111,-1.22087885802,-0.157079632679,-0.242406840555,62.7025694235
4.6,0.907235,-0.0746977777778,-1.22802469136,-0.0698131700798,3.02523737012,56.383831113
4.65,0.901404,-0.149300277778,-1.0377867284,0.174532925199,5.64323124812,43.6440049372
4.7,0.890771,-0.193413888889,-0.563568055556,0.523598775598,7.50491578358,27.5858984551
4.75,0.880481,-0.204275555556,-0.0818330246914,0.959931088597,8.47454314579,9.92252000671
4.8,0.869848,-0.197320277778,0.329396450617,1.41371669412,8.44545432493,-6.69581561799
4.85,0.859901,-0.169308611111,0.679648148148,1.83259571459,7.66975243515,-20.6153550845
4.9,0.852355,-0.126814722222,0.961141049383,2.19911485751,6.34136294891,-33.1397085132
4.95,0.8466955,-0.0708866666667,1.17408688272,2.49582083035,4.3245380355,-44.3065836347
5,0.844809,-0.00476388888889,1.26962932099,2.65290046303,1.78411434648,-52.2413675489
5.05,0.846181,0.0623116666667,1.21685601852,2.68780704807,-1.08598264569,-55.4572983003
5.1,0.851326,0.122717777778,1.02074259259,2.54818070791,-4.02395355321,-52.2683016423
5.15,0.8590435,0.168641666667,0.711672067901,2.26892802759,-6.57407351585,-42.5504807454
5.2,0.868819,0.197606111111,0.311875925926,1.86750229963,-8.51332824028,-26.8748383895
5.25,0.879795,0.20237,-0.141858024691,1.37881010908,-9.47325932888,-6.11403920066
5.3,0.890085,0.182075833333,-0.562879938272,0.872664625997,-9.24054876195,17.1624043113
5.35,0.8988315,0.142059166667,-0.896775617284,0.401425727959,-7.71823380326,39.1783322523
5.4,0.904834,0.0868933333333,-1.10723364198,0.0523598775598,-5.05175855716,54.924003251
5.45,0.9074065,0.0303936111111,-1.25263811728,-0.12217304764,-1.86168453546,61.9645752645
5.5,0.90895,-0.0440183333333,-1.25740200617,-0.13962634016,1.47383359057,60.5693892266
5.55,0.902433,-0.107378055556,-1.02127191358,0.0349065850399,4.53785605519,50.8946628791
5.6,0.896945,-0.146156111111,-0.743960648148,0.349065850399,6.79708780916,35.5206823693
5.65,0.888027,-0.182171111111,-0.428697067901,0.750491578358,8.16426238988,17.9919743878
5.7,0.877737,-0.194461944444,-0.0120155864198,1.20427718388,8.57150588202,0.797249164491
5.75,0.8676185,-0.184267222222,0.422874537037,1.64060949687,8.14486984264,-14.3450981422
5.8,0.8583575,-0.150253055556,0.814889660494,2.04203522483,7.06858347058,-27.7313425595
5.85,0.8518405,-0.0978502777778,1.09251851852,2.37364778271,5.3329504922,-39.6793063895
5.9,0.848239,-0.0358244444444,1.24131064815,2.60054058547,2.99614854926,-48.9284740613
5.95,0.8480675,0.0309652777778,1.26078966049,2.68780704807,0.281191935044,-54.2291036414
6,0.851326,0.0965163888889,1.12454243827,2.63544717051,-2.60829760437,-54.6815964105
6.05,0.858186,0.150443611111,0.825952469136,2.42600766027,-5.42991322843,-48.8638322372
6.1,0.8672755,0.183219166667,0.424621296296,2.07694180987,-7.81519653949,-35.4614273638
6.15,0.877394,0.193890277778,-0.0131271604938,1.60570291183,-9.25994130919,-15.5032641581
6.2,0.8875125,0.18179,-0.444947222222,1.09955742876,-9.47325932888,7.27759203532
6.25,0.8964305,0.148442777778,-0.833310030864,0.610865238198,-8.48423941942,29.1803967841
6.3,0.903462,0.0917525,-1.07573904321,0.209439510239,-6.42862941151,47.6948925838
6.35,0.90552,0.0329661111111,-1.14825601852,-0.0698131700798,-3.47126595674,59.9121973478
6.4,0.906549,-0.0236288888889,-1.16821141975,-0.157079632679,-0.0581776417331,62.9934576322
6.45,0.9036335,-0.0868933333333,-1.09664722222,-0.0698131700798,3.22885911619,56.5131147613
6.5,0.8974595,-0.14063,-0.866339660494,0.191986217719,5.89533436229,42.690538031
6.55,0.8888845,-0.178455277778,-0.516723148148,0.558505360638,7.63096734066,25.4257841649
6.6,0.878766,-0.194938333333,-0.0972891975309,0.994837673637,8.40666923044,8.39266350187
6.65,0.868476,-0.188459444444,0.329449382716,1.43116998664,8.35818786233,-6.56653196969
6.7,0.8590435,-0.160257222222,0.712095524691,1.85004900711,7.71823380326,-20.5345528043
6.75,0.851669,-0.113094722222,0.997664197531,2.23402144255,6.32197040167,-34.2062986116
6.8,0.8473815,-0.0558327777778,1.16889953704,2.51327412287,4.19848647841,-45.4862969254
6.85,0.845838,0.0077175,1.23220632716,2.67035375555,1.61927769491,-53.01168262
6.9,0.8480675,0.0725063888889,1.16556481481,2.68780704807,-1.27021184451,-55.9528856187
6.95,0.853384,0.129958888889,0.960717592593,2.54818070791,-4.22757529928,-52.575350307
7,0.861616,0.173500833333,0.635608641975,2.25147473507,-6.83587290364,-41.8609679545
7.05,0.871563,0.196748611111,0.230201697531,1.83259571459,-8.66846861824,-24.8978759343
7.1,0.882196,0.197415555556,-0.20108904321,1.34390352404,-9.4829556025,-3.90005672359
7.15,0.892143,0.175978055556,-0.608242746914,0.837758040957,-9.12419347848,18.6814871788
7.2,0.900718,0.133579444444,-0.938909567901,0.383972435439,-7.57278969893,39.8624582246
7.25,0.906206,0.0746977777778,-1.12009614198,0.0349065850399,-4.9354032737,55.8128283331
7.3,0.9077495,0.0193413888889,-1.22537808642,-0.13962634016,-1.59988514766,62.627153962
7.35,0.9087785,-0.0475436111111,-1.28460910494,-0.12217304764,1.73563297837,59.7344323314
7.4,0.903462,-0.12005,-1.11247391975,0.0523598775598,4.64451506503,49.7472705005
7.45,0.895573,-0.168641666667,-0.730674691358,0.366519142919,6.91344309262,34.6749518367
7.5,0.885626,-0.194176111111,-0.295149382716,0.785398163397,8.20304748437,17.2378197728
7.55,0.875336,-0.197320277778,0.132541975309,1.2217304764,8.60059470288,0.226246384518
7.6,0.865046,-0.179408055556,0.520322530864,1.67551608191,8.19335121075,-15.8318600976
7.65,0.8566425,-0.142630833333,0.844743364198,2.07694180987,6.93283563987,-29.7513995641
7.7,0.850297,-0.0924194444444,1.10040540123,2.39110107523,5.08084737803,-40.5519710155
7.75,0.846867,-0.0295361111111,1.26798842593,2.60054058547,2.79252680319,-48.917700424
7.8,0.8470385,0.0401119444444,1.29138441358,2.68780704807,0.0872664625997,-54.2291036414
7.85,0.850983,0.106996944444,1.13317037037,2.61799387799,-2.81191935044,-54.6923700478
7.9,0.858186,0.161305277778,0.794246141975,2.40855436775,-5.6820163426,-47.9857807925
7.95,0.868133,0.191889444444,0.338924228395,2.02458193231,-7.9509443702,-33.3982758098
8,0.878766,0.192270555556,-0.0769103395062,1.57079632679,-9.21145994108,-13.8064162743
8.05,0.887684,0.179598611111,-0.410541358025,1.06465084372,-9.43447423439,8.43575805131
8.1,0.8971165,0.153683055556,-0.762910339506,0.575958653158,-8.39697295682,30.893405124
8.15,0.9043195,0.1020425,-1.06822268519,0.174532925199,-6.16683002371,49.0793049843
8.2,0.9077495,0.0391591666667,-1.21637962963,-0.0698131700798,-3.18037774808,59.9014237104
8.25,0.9080925,-0.02401,-1.24528055556,-0.157079632679,0.155140377955,62.3308789346
8.3,0.90552,-0.0889894444444,-1.16143611111,-0.0523598775598,3.41308831501,55.915177888
8.35,0.899003,-0.147394722222,-0.912972839506,0.209439510239,6.06017101387,42.1087616137
8.4,0.8899135,-0.186172777778,-0.529797376543,0.593411945678,7.776411445,24.4884777147
8.45,0.879452,-0.202084166667,-0.0947484567901,1.02974425868,8.46484687217,7.20756339249
8.5,0.868819,-0.195319444444,0.338077314815,1.46607657168,8.41636550406,-8.44114486998
8.55,0.8590435,-0.166450277778,0.725487345679,1.90240888467,7.58248597255,-22.8939793857
8.6,0.8514975,-0.12005,1.0376808642,2.25147473507,6.06017101387,-35.5853241934
8.65,0.8463525,-0.0579288888889,1.23114768519,2.53072741539,3.95607963785,-46.299706546
8.7,0.845495,0.00981361111111,1.26793549383,2.67035375555,1.29930066537,-53.5342040318
8.75,0.847553,0.0736497222222,1.17959182099,2.67035375555,-1.59988514766,-55.6242896793
8.8,0.853041,0.131673888889,0.98654845679,2.51327412287,-4.52815978156,-51.2070983625
8.85,0.861273,0.176454444444,0.687535030864,2.19911485751,-7.01040582884,-39.8085900378
8.9,0.8713915,0.203322777778,0.303830246914,1.78023583703,-8.71694998635,-22.9855553033
8.95,0.882196,0.212088333333,-0.191084876543,1.29154364648,-9.47325932888,-2.05776473538
9,0.8940295,0.187220833333,-0.724746296296,0.785398163397,-9.03692701588,21.0893951283
9.05,0.9022615,0.133198333333,-1.1106742284,0.331612557879,-7.28190149027,42.0979879763
9.1,0.9080925,0.0624069444444,-1.2218845679,0.0174532925199,-4.53785605519,56.4269256625
9.15,0.907578,0.00466861111111,-1.17879783951,-0.13962634016,-1.308996939,62.4601625829
9.2,0.9084355,-0.0503066666667,-1.17636296296,-0.12217304764,2.07500255515,59.438157304
9.25,0.903462,-0.117953888889,-1.05398395062,0.0872664625997,5.00327718905,47.8942048749
9.3,0.8957445,-0.166736111111,-0.713630555556,0.418879020479,7.02010210247,32.1431470576
9.35,0.8857975,-0.193223333333,-0.275035185185,0.820304748437,8.22244003162,15.5517455263
9.4,0.875336,-0.193223333333,0.159272685185,1.27409035396,8.57150588202,-1.01272191165
9.45,0.865732,-0.173691388889,0.523075,1.71042266695,8.08669220091,-16.6452697181
9.5,0.8575,-0.1397725,0.845854938272,2.11184839491,6.85526545089,-30.8179896625
9.55,0.850983,-0.0879413888889,1.11575570988,2.42600766027,4.89661817921,-42.3403948169
9.6,0.8480675,-0.0221044444444,1.23982854938,2.61799387799,2.48224604728,-50.3829151046
9.65,0.8487535,0.0442088888889,1.18133858025,2.68780704807,-0.271495661421,-54.7193041412
9.7,0.8528695,0.102423611111,0.977020679012,2.60054058547,-3.20946656895,-53.5449776692
9.75,0.859901,0.142059166667,0.736772469136,2.35619449019,-5.89533436229,-45.8816894165
9.8,0.867104,0.175882777778,0.479384845679,1.98967534727,-8.0382108328,-32.4404994486
9.85,0.8779085,0.196081666667,0.121627376543,1.51843644924,-9.3084226773,-15.4256939692
9.9,0.8881985,0.187335166667,-0.196843888889,1.01229096616,-9.53531548006,-0.297352391085
9.95,0.897288,0.166164444444,-0.343148209876,0.523598775598,-8.96905310053,8.35549445298
10,0.903805,0.145965555556,-0.395572160494,0.13962634016,-8.28061767335,12.2086858541