Time,Position,Velocity1,Acceleration1,Angle2,Velocity2,Acceleration2
0.05,1.0140795,0.195891111111,-2.32147481481,-0.261799387799,-7.11706483869,-3.92160399831
0.1,1.027285,0.0945155555556,-2.69569416667,-0.610865238198,-7.31099031113,-3.07587346571
0.15,1.0302005,-0.0546513333333,-3.10865981481,-0.977384381117,-7.56309342531,-0.0775701889775
0.2,1.023169,-0.229428888889,-3.26625984568,-1.37881010908,-7.56309342531,7.282978854
0.25,1.0065335,-0.401500555556,-3.006395,-1.76278254451,-6.94253191349,17.3778770584
0.3,0.9818375,-0.544036111111,-2.40456762346,-2.09439510239,-5.77897907883,26.8371306588
0.35,0.950453,-0.646078611111,-1.66863148148,-2.35619449019,-4.18879020479,34.4702527269
0.4,0.91581,-0.711248611111,-0.897993055556,-2.53072741539,-2.21075038586,38.9574726865
0.45,0.877737,-0.736211388889,-0.10205308642,-2.58308729295,-0.0969627362219,38.9520858678
0.5,0.8408645,-0.723920555556,0.753647222222,-2.53072741539,1.83259571459,35.2297941606
0.55,0.803649,-0.667039722222,1.71547638889,-2.39110107523,3.51974732486,28.9272163062
0.6,0.7715785,-0.550800833333,2.62119753086,-2.16420827247,4.81904799023,20.6476759966
0.65,0.7468825,-0.393401944444,3.2754912037,-1.88495559215,5.58505360638,12.4058434177
0.7,0.731276,-0.209896944444,3.62542530864,-1.58824961931,5.93411945678,6.48034287083
0.75,0.7259595,-0.0228666666667,3.74637515432,-1.29154364648,6.17652629734,1.8207447135
0.8,0.728532,0.171309444444,3.66750632716,-0.959931088597,6.15713375009,-3.31289348758
0.85,0.743281,0.3575775,3.28321929012,-0.663225115758,5.84685299418,-8.47346578206
0.9,0.765919,0.508878611111,2.67682916667,-0.366519142919,5.30386167134,-13.6879062633
0.95,0.795417,0.627785277778,1.97113842593,-0.12217304764,4.47967841345,-19.0693381236
1,0.83006,0.709819444444,1.16577654321,0.0872664625997,3.4518734095,-25.355755522
1.05,0.868133,0.748025833333,0.280910648148,0.244346095279,1.95864727168,-31.5667574589
1.1,0.9067205,0.739546111111,-0.636984876543,0.296705972839,0.164836651577,-34.9766136827
1.15,0.9441075,0.681807777778,-1.5049125,0.261799387799,-1.68715161026,-35.0843500563
1.2,0.9763495,0.584910277778,-2.28005015432,0.12217304764,-3.43248086226,-32.7249234749
1.25,1.003961,0.4519025,-2.98028888889,-0.0872664625997,-5.01297346267,-28.560912636
1.3,1.023169,0.281069444444,-3.52077854938,-0.383972435439,-6.40923686427,-21.5903692654
1.35,1.0329445,0.0885130555556,-3.79131450617,-0.750491578358,-7.29159776389,-11.8994824619
1.4,1.0322585,-0.110522222222,-3.75786141975,-1.1344640138,-7.64066361429,-0.921145994108
1.45,1.021454,-0.298791111111,-3.44063935185,-1.53588974176,-7.41764932098,10.8167319074
1.5,1.0013885,-0.46305,-2.91163595679,-1.90240888467,-6.5546809686,22.1398247707
1.55,0.973777,-0.594152222222,-2.26051820988,-2.21656815003,-5.10023992527,31.044236047
1.6,0.9406775,-0.691335555556,-1.53148441358,-2.42600766027,-3.28703675792,36.2425160723
1.65,0.9032905,-0.751741666667,-0.695686574074,-2.54818070791,-1.35747830711,38.3164412637
1.7,0.863674,-0.766033333333,0.249416049383,-2.56563400043,0.649650332687,37.4491634564
1.75,0.824572,-0.728208055556,1.22670138889,-2.47836753783,2.52103114177,33.2474448868
1.8,0.7889,-0.640838333333,2.14523209877,-2.30383461263,4.12091628943,25.8351823845
1.85,0.758716,-0.5084975,2.93021512346,-2.04203522483,5.17781011425,16.914610652
1.9,0.7365925,-0.339760555556,3.50770432099,-1.76278254451,5.71110516347,9.82017045181
1.95,0.72373,-0.146537222222,3.80941728395,-1.46607657168,6.05047474025,4.85352362977
2,0.721672,0.0536413888889,3.81216975309,-1.15191730632,6.19591884458,0.166991379049
2.05,0.729561,0.244578055556,3.55994830247,-0.837758040957,6.1183486556,-5.31140321749
2.1,0.7468825,0.416268611111,3.11441882716,-0.523598775598,5.67232006898,-11.0160441985
2.15,0.7719215,0.565283055556,2.45276759259,-0.261799387799,4.98388464181,-16.2574187732
2.2,0.805364,0.669040555556,1.62400972222,-0.0174532925199,4.0627386477,-21.7842947379
2.25,0.840693,0.726874166667,0.787841358025,0.157079632679,2.83131189768,-27.6182193672
2.3,0.879452,0.746787222222,-0.0364172839506,0.279252680319,1.27990811813,-32.7680180243
2.35,0.917182,0.721919722222,-0.841143981481,0.296705972839,-0.542991322843,-35.5691637374
2.4,0.9526825,0.664753055556,-1.67673009259,0.226892802759,-2.41437213193,-35.0843500563
2.45,0.985782,0.557184444444,-2.53682376543,0.0523598775598,-4.19848647841,-31.1842933327
2.5,1.010478,0.402358055556,-3.2028683642,-0.209439510239,-5.62383870087,-24.9409704837
2.55,1.0267705,0.224665,-3.58948441358,-0.523598775598,-6.70982134656,-17.6256707177
2.6,1.033459,0.0338236111111,-3.72493765432,-0.890117918517,-7.46613068909,-8.33340849641
2.65,1.0302005,-0.15778,-3.61118657407,-1.29154364648,-7.67944870878,3.56607396549
2.7,1.016995,-0.334615555556,-3.29650524691,-1.69296937443,-7.11706483869,15.6971896306
2.75,0.9962435,-0.4947775,-2.79386203704,-2.02458193231,-5.99229709851,25.5766150879
2.8,0.966231,-0.623497777778,-2.08229583333,-2.30383461263,-4.4990709607,33.6029749196
2.85,0.9317595,-0.704102777778,-1.30239429012,-2.49582083035,-2.54042368901,38.9197649557
2.9,0.8950585,-0.756219722222,-0.444576697531,-2.56563400043,-0.407243492132,39.6254382027
2.95,0.85407,-0.7571725,0.570502160494,-2.53072741539,1.60958142128,35.9408542263
3,0.816683,-0.697242777778,1.55064583333,-2.39110107523,3.30642930517,29.282746339
3.05,0.7828975,-0.596153055556,2.40221743827,-2.18166156499,4.56694487605,21.6711715456
3.1,0.755286,-0.451235555556,3.09446342593,-1.91986217719,5.44930577567,14.4259004223
3.15,0.7365925,-0.277067777778,3.54978533951,-1.62315620435,5.98260082489,7.81627390322
3.2,0.7269885,-0.0866075,3.75860246914,-1.308996939,6.19591884458,2.0254438233
3.25,0.7276745,0.109188333333,3.70185925926,-0.994837673637,6.16683002371,-3.25902530079
3.3,0.7383075,0.294694166667,3.37685617284,-0.680678408278,5.8565492678,-8.21489848547
3.35,0.7582015,0.455237222222,2.84234783951,-0.401425727959,5.3329504922,-12.9983934724
3.4,0.785127,0.583481111111,2.17762654321,-0.13962634016,4.5863374233,-18.3798253327
3.45,0.8178835,0.6765675,1.41688641975,0.0698131700798,3.52944359848,-24.3753545225
3.5,0.854413,0.728398611111,0.579553549383,0.226892802759,2.1428764705,-30.1069295969
3.55,0.892486,0.735830277778,-0.291867592593,0.296705972839,0.455724860243,-34.2763272544
3.6,0.9297015,0.699053055556,-1.15582530864,0.279252680319,-1.3962634016,-35.7415419351
3.65,0.964173,0.618352777778,-1.97076790123,0.157079632679,-3.24825166343,-34.0015995018
3.7,0.9931565,0.496873611111,-2.67365324074,-0.0523598775598,-4.92570700007,-29.0726604105
3.75,1.0147655,0.347954444444,-3.2754912037,-0.349065850399,-6.26379275994,-21.5095669852
3.8,1.0295145,0.164258888889,-3.71805648148,-0.698131700798,-7.13645738593,-12.3196543189
3.85,1.032087,-0.0387780555556,-3.82132700617,-1.08210413624,-7.5146120572,-2.32710566933
3.9,1.0250555,-0.231906111111,-3.58927268519,-1.46607657168,-7.41764932098,8.66200443582
3.95,1.0082485,-0.407217222222,-3.11076651235,-1.85004900711,-6.69042879931,20.1628623155
4,0.983038,-0.550515,-2.4567904321,-2.16420827247,-5.30386167134,29.5574740916
4.05,0.9513105,-0.652462222222,-1.76491496914,-2.39110107523,-3.58762124021,35.6391923802
4.1,0.9170105,-0.726588333333,-1.03482253086,-2.53072741539,-1.64836651577,38.9143781371
4.15,0.877737,-0.769749166667,-0.0495973765432,-2.56563400043,0.455724860243,38.3487621758
4.2,0.8364055,-0.736497222222,1.04038040123,-2.47836753783,2.39497958468,33.2797657988
4.25,0.8024485,-0.656368611111,1.96409845679,-2.30383461263,3.86881317525,26.0183342195
4.3,0.7695205,-0.538891111111,2.79910231481,-2.07694180987,4.96449209456,18.9023467446
4.35,0.745682,-0.363294166667,3.33011712963,-1.79768912955,5.75958653158,11.8348406378
4.4,0.733677,-0.189031111111,3.5070691358,-1.4835298642,6.14743747647,5.03128864618
4.45,0.726817,-0.0114333333333,3.58900802469,-1.16937059884,6.2056151182,-0.581776417331
4.5,0.731962,0.174167777778,3.53094151235,-0.855211333477,6.04077846662,-5.20366684391
4.55,0.744653,0.350431666667,3.25685910494,-0.558505360638,5.6820163426,-9.72859453426
4.6,0.7674625,0.511355833333,2.70906481481,-0.279252680319,5.10993619889,-15.1154132133
4.65,0.7973035,0.634454722222,1.88401219136,-0.0349065850399,4.21787902565,-21.412604249
4.7,0.83349,0.700958611111,1.00459830247,0.157079632679,2.97675600201,-27.7097952847
4.75,0.868819,0.728303333333,0.218556635802,0.279252680319,1.36717458073,-32.2939779806
4.8,0.907235,0.725349722222,-0.614065277778,0.296705972839,-0.358762124021,-34.4756395456
4.85,0.9434215,0.672089444444,-1.52672052469,0.244346095279,-2.13318019688,-34.8904245838
4.9,0.9763495,0.572333611111,-2.4093632716,0.0872664625997,-3.94638336423,-32.638734376
4.95,1.002932,0.420937222222,-3.0743492284,-0.157079632679,-5.56566105914,-26.632431549
5,1.0188815,0.252105,-3.45408410494,-0.488692190558,-6.73891016742,-17.6849257231
5.05,1.0284855,0.0715536111111,-3.68089814815,-0.855211333477,-7.34977540562,-7.86475527133
5.1,1.026942,-0.124813888889,-3.67375231481,-1.23918376892,-7.5146120572,2.14395383424
5.15,1.0154515,-0.309366944444,-3.35684783951,-1.62315620435,-7.20433130129,13.3269894118
5.2,0.995043,-0.470100555556,-2.80312515432,-1.98967534727,-6.2056151182,24.6069877256
5.25,0.9670885,-0.596915277778,-2.07747901235,-2.26892802759,-4.61542624416,33.1020007824
5.3,0.933303,-0.677234444444,-1.32732530864,-2.46091424531,-2.73434916146,37.8316275826
5.35,0.8984885,-0.728875,-0.559280555556,-2.54818070791,-0.698131700798,38.9520858678
5.4,0.8590435,-0.741546944444,0.365496141975,-2.53072741539,1.308996939,36.3502524459
5.45,0.821828,-0.696575833333,1.36056666667,-2.40855436775,3.09311128548,30.2577605199
5.5,0.787185,-0.599011388889,2.2293941358,-2.19911485751,4.39241195085,22.6515725452
5.55,0.7606025,-0.464383888889,2.89337438272,-1.95476876223,5.31355794496,15.6163873504
5.6,0.739851,-0.304507777778,3.39792314815,-1.65806278939,5.9438157304,8.89363763902
5.65,0.728875,-0.116810555556,3.69481929012,-1.34390352404,6.18622257096,2.73111707025
5.7,0.7280175,0.0766986111111,3.70598796296,-1.02974425868,6.17652629734,-2.55873887252
5.75,0.736764,0.264395833333,3.43741049383,-0.715584993318,5.89533436229,-7.17524248042
5.8,0.754943,0.434466666667,2.86235617284,-0.436332312999,5.46869832292,-11.9856715608
5.85,0.782383,0.558613611111,2.11897777778,-0.157079632679,4.75117407487,-17.8303698275
5.9,0.81291,0.636646111111,1.50602407407,0.0523598775598,3.70397652368,-23.9982772149
5.95,0.8456665,0.707628055556,0.896563888889,0.226892802759,2.32710566933,-29.5628609103
6,0.8851115,0.741546944444,0.0132859567901,0.296705972839,0.669042879931,-33.3120867109
6.05,0.92267,0.712868333333,-0.952566049383,0.296705972839,-1.08598264569,-34.9658400454
6.1,0.957999,0.64141,-1.8306566358,0.191986217719,-2.91857836028,-34.1901381556
6.15,0.988869,0.521074166667,-2.53010138889,0,-4.62512251778,-30.4032046242
6.2,1.010478,0.382921388889,-3.09594552469,-0.279252680319,-6.08925983474,-23.5188503525
6.25,1.028314,0.214470277778,-3.64892716049,-0.628318530718,-7.08797601782,-14.0542099335
6.3,1.033802,0.00895611111111,-3.96027376543,-1.01229096616,-7.5146120572,-3.72229170719
6.35,1.0295145,-0.203036944444,-3.80835864198,-1.3962634016,-7.46613068909,6.95976973326
6.4,1.012193,-0.388638055556,-3.26162299383,-1.78023583703,-6.86496172451,18.2990230525
6.45,0.9890405,-0.535175277778,-2.53047191358,-2.11184839491,-5.59474988,28.5178180866
6.5,0.957313,-0.64484,-1.71171820988,-2.35619449019,-3.8882057225,35.7900233032
6.55,0.9224985,-0.705817777778,-0.894023148148,-2.51327412287,-1.87138080908,39.3668709061
6.6,0.8854545,-0.731733333333,-0.114227469136,-2.54818070791,0.242406840555,38.327214901
6.65,0.847896,-0.719061388889,0.699921141975,-2.47836753783,2.12348392326,33.4629176339
6.7,0.811881,-0.664181388889,1.55382175926,-2.32128790515,3.66519142919,26.5570160874
6.75,0.779639,-0.563568055556,2.39004305556,-2.09439510239,4.78026289574,19.3063581455
6.8,0.7537425,-0.419698611111,3.08969953704,-1.83259571459,5.58505360638,12.3573620496
6.85,0.736421,-0.244482777778,3.54671527778,-1.51843644924,5.99229709851,6.05478419519
6.9,0.7287035,-0.0537366666667,3.72303209877,-1.2217304764,6.10865238198,1.27667602692
6.95,0.730933,0.139296111111,3.61616219136,-0.907571211037,6.12804492922,-3.51759259738
7,0.743281,0.317656111111,3.26479891975,-0.593411945678,5.80806789969,-9.15220493561
7.05,0.7636895,0.471815555556,2.74331188272,-0.314159265359,5.18750638787,-14.5174763399
7.1,0.7914725,0.597963333333,2.07176234568,-0.0698131700798,4.37301940361,-20.1897964089
7.15,0.8250865,0.684380277778,1.28249182099,0.13962634016,3.1900740217,-26.0829760437
7.2,0.8617875,0.726207222222,0.475171450617,0.261799387799,1.70654415751,-30.8018292065
7.25,0.8991745,0.7297325,-0.321403703704,0.314159265359,0.0678739153553,-34.2655536171
7.3,0.9358755,0.698195555556,-1.20722237654,0.279252680319,-1.78411434648,-35.7523155725
7.35,0.9708615,0.6182575,-2.23595771605,0.13962634016,-3.68458397643,-33.3013130735
7.4,1.000874,0.46991,-3.13665030864,-0.10471975512,-5.26507657685,-27.3219443399
7.45,1.019396,0.283546666667,-3.59906512346,-0.401425727959,-6.47711077962,-19.4787363432
7.5,1.029,0.0946108333333,-3.69301959877,-0.767944870878,-7.27220521664,-10.1326059352
7.55,1.0288285,-0.0930863888889,-3.56518858025,-1.15191730632,-7.5146120572,-0.021547274716
7.6,1.0192245,-0.2683975,-3.2626816358,-1.53588974176,-7.29159776389,10.622806435
7.65,1.001217,-0.424557777778,-2.82244537037,-1.90240888467,-6.50619960049,21.999767485
7.7,0.975835,-0.556041111111,-2.24463858025,-2.21656815003,-5.04206228354,31.8899665796
7.75,0.944279,-0.654081944444,-1.53889490741,-2.42600766027,-3.12220010635,37.5138052805
7.8,0.90895,-0.714011666667,-0.72760462963,-2.53072741539,-1.09567891931,38.6073294724
7.85,0.87122,-0.730875833333,0.172188117284,-2.53072741539,0.843575805131,36.6626879292
7.9,0.833833,-0.697719166667,1.08304367284,-2.44346095279,2.6664752461,32.1108261455
7.95,0.799533,-0.618066944444,1.89581604938,-2.25147473507,4.16939765754,25.0056123079
8,0.7705495,-0.50078,2.55842006173,-2.00712863979,5.21659520874,16.8284215532
8.05,0.748769,-0.359578333333,3.1342154321,-1.71042266695,5.80806789969,9.47541405635
8.1,0.733334,-0.187887777778,3.64702160494,-1.41371669412,6.06986728749,3.99701945981
8.15,0.728189,0.0183886111111,3.84726373457,-1.09955742876,6.17652629734,-0.689512790912
8.2,0.7355635,0.218471944444,3.58207391975,-0.785398163397,6.02138591938,-5.65077279427
8.25,0.751513,0.387113611111,3.04719506173,-0.488692190558,5.63353497449,-11.0645255667
8.3,0.7753515,0.526981388889,2.39581265432,-0.209439510239,4.9354032737,-16.9038370147
8.35,0.80605,0.625022222222,1.74379506173,0.0174532925199,3.92699081699,-22.4468734354
8.4,0.8384635,0.7005775,1.0762683642,0.191986217719,2.67617151972,-27.5912852738
8.45,0.8772225,0.743357222222,0.201194907407,0.296705972839,1.14416028742,-31.9923161345
8.5,0.915467,0.726207222222,-0.789111728395,0.314159265359,-0.581776417331,-34.820395941
8.55,0.9516535,0.661704166667,-1.73691388889,0.244346095279,-2.43376467917,-35.1920864299
8.6,0.9835525,0.548418888889,-2.57969876543,0.0698131700798,-4.24696784652,-32.0677315961
8.65,1.008077,0.395974444444,-3.22742885802,-0.191986217719,-5.77897907883,-25.5873887252
8.7,1.024198,0.216375833333,-3.63802314815,-0.523598775598,-6.91344309262,-16.5105992511
8.75,1.030372,0.0209611111111,-3.76405447531,-0.907571211037,-7.47582696271,-6.16252056877
8.8,1.026256,-0.172548055556,-3.59101944444,-1.29154364648,-7.5146120572,4.22865266301
8.85,1.0123645,-0.348716666667,-3.17073858025,-1.67551608191,-7.0782797442,15.0669318451
8.9,0.989898,-0.492490833333,-2.64051774691,-2.02458193231,-6.031082193,25.9644660328
8.95,0.962458,-0.614160555556,-2.03592731481,-2.30383461263,-4.39241195085,34.6210836499
9,0.927472,-0.706103611111,-1.22511342593,-2.47836753783,-2.39497958468,39.2106531644
9.05,0.889399,-0.742309166667,-0.29155,-2.54818070791,-0.271495661421,39.1029167908
9.1,0.8514975,-0.733924722222,0.64010787037,-2.49582083035,1.65806278939,35.3321437155
9.15,0.8141105,-0.676281666667,1.53677762346,-2.37364778271,3.34521439966,29.2719727017
9.2,0.7825545,-0.5805275,2.39972962963,-2.14675497995,4.66390761227,21.4826328918
9.25,0.7537425,-0.432942222222,3.14067314815,-1.88495559215,5.47839459654,13.8979921918
9.3,0.7376215,-0.248579722222,3.49669444444,-1.58824961931,5.99229709851,7.4876779638
9.35,0.7293895,-0.0688858333333,3.52453672839,-1.27409035396,6.19591884458,1.87461290029
9.4,0.7307615,0.109569444444,3.39252407407,-0.959931088597,6.16683002371,-3.29673303154
9.45,0.741223,0.27097,3.20392700617,-0.645771823238,5.8565492678,-8.2579930349
9.5,0.7578585,0.428559444444,2.98309429012,-0.366519142919,5.3329504922,-13.1815453075
9.55,0.783755,0.583481111111,2.45874891975,-0.10471975512,4.57664114967,-18.8538653765
9.6,0.818398,0.690478055556,1.60511296296,0.10471975512,3.49065850399,-25.188764143
9.65,0.855099,0.745358055556,0.670173302469,0.261799387799,2.01682491342,-30.5971300967
9.7,0.894544,0.754885833333,-0.252486111111,0.314159265359,0.329673303154,-33.7861267547
9.75,0.931931,0.724301666667,-1.22677549383,0.296705972839,-1.43504849608,-34.8936566751
9.8,0.969661,0.632739722222,-2.15072115741,0.174532925199,-3.25794793706,-33.3406368499
9.85,0.9972725,0.491728611111,-2.67339387346,-0.0349065850399,-4.92570700007,-28.2802593829
9.9,1.0195675,0.3424855,-2.70631763889,-0.331612557879,-6.20173660875,-21.2461515518
9.95,1.0308865,0.204418472222,-2.40835226852,-0.680678408278,-6.98616514479,-15.1617398539
10,1.0336305,0.114714444444,-2.07518175926,-1.06465084372,-7.4273455946,-11.2767662226