Vernier Format 2
Untitled.cmbl 10/24/2024 12:26:44 .
Latest
Time	Position	Velocity 1	Acceleration 1	Angle 2	Velocity 2	Acceleration 2
t	x	v 1	acc 1	Angle 2	v 2	acc 2
s	m	m/s	m/s²	rad	rad/s	rad/s²

0.05	0.8789375	-0.0350622222222	0.0464743827161	0.331612557879	13.8656712797	-9.95807300999
0.1	0.8772225	-0.0343952777778	0.109939969136	1.01229096616	13.7832529539	-24.8273086096
0.15	0.875336	-0.0300125	0.227269259259	1.76278254451	12.6478193128	-51.2044049532
0.2	0.873621	-0.0143869444444	0.383175462963	2.39110107523	9.29872640368	-87.5040213035
0.25	0.8734495	0.0114333333333	0.473901080247	2.79252680319	3.55853241934	-116.849254739
0.3	0.87465	0.0395402777778	0.417951851852	2.80998009571	-3.5391398721	-119.239386187
0.35	0.877737	0.0598344444444	0.21178132716	2.40855436775	-9.87080654739	-86.4638266165
0.4	0.8813385	0.0637408333333	-0.0667473765432	1.71042266695	-13.448731514	-24.3591940664
0.45	0.8847685	0.0523075	-0.332043055556	0.890117918517	-12.8766513703	49.7849782313
0.5	0.8871695	0.0263919444444	-0.511800462963	0.226892802759	-7.84428536035	108.905313233
0.55	0.887341	-0.00152444444444	-0.609142592593	0	-0.319977029532	130.059350186
0.6	0.8875125	-0.0379205555556	-0.599720679012	0.209439510239	6.98131700798	108.706000942
0.65	0.883568	-0.0719347222222	-0.370842283951	0.802851455917	11.8585426399	55.7266392342
0.7	0.879109	-0.0811766666667	-0.00831033950617	1.55334303427	13.0220954746	-9.71782089691
0.75	0.87465	-0.0707913888889	0.326061728395	2.25147473507	10.5883307954	-69.1074968328
0.8	0.8713915	-0.0440183333333	0.552558179012	2.72271363311	5.37173558669	-110.004224244
0.85	0.869848	-0.00847972222222	0.611206944444	2.86233997327	-1.55140377955	-122.237689464
0.9	0.8707055	0.0242005555556	0.501849228395	2.56563400043	-8.32909904146	-98.9181514024
0.95	0.8727635	0.0457333333333	0.282339814815	1.93731546971	-12.8378662758	-43.110709888
1	0.875679	0.0554516666667	-0.00883966049382	1.11701072128	-13.4196426931	29.9938064046
1.05	0.879109	0.0462097222222	-0.311558333333	0.401425727959	-9.51204442337	95.0288683161
1.1	0.881167	0.018865	-0.486657716049	0.0349065850399	-2.53072741539	128.033906362
1.15	0.881167	-0.0126719444444	-0.442247685185	0.12217304764	5.10993619889	118.709323229
1.2	0.8792805	-0.0321086111111	-0.237929783951	0.628318530718	10.8792190041	72.9052040015
1.25	0.877394	-0.0376347222222	0.00921018518518	1.36135681656	13.1287544844	8.63507034243
1.3	0.874993	-0.0302983333333	0.238617901235	2.09439510239	11.6452246203	-54.4984445754
1.35	0.8737925	-0.00990888888889	0.385927932099	2.65290046303	7.02010210247	-101.697749841
1.4	0.8741355	0.0108616666667	0.456274691358	2.87979326579	0.387850944888	-121.919867162
1.45	0.8744785	0.0383969444444	0.434678395062	2.70526034059	-6.53528842136	-108.668293211
1.5	0.8779085	0.0640266666667	0.208870061728	2.16420827247	-11.8682389136	-62.1962084677
1.55	0.8820245	0.0659322222222	-0.152444444444	1.37881010908	-13.7881010908	7.55231978795
1.6	0.8854545	0.0461144444444	-0.46691404321	0.593411945678	-11.2282848545	78.6852604441
1.65	0.8871695	0.0124813888889	-0.631744598765	0.0872664625997	-4.80935171661	123.939924166
1.7	0.8868265	-0.0245816666667	-0.615864969136	0.0523598775598	3.04462991737	126.197001193
1.75	0.8844255	-0.0551658333333	-0.448281944444	0.453785605519	9.55082951786	87.7943708303
1.8	0.880824	-0.0735544444444	-0.177269598765	1.15191730632	12.7505998132	26.1853255986
1.85	0.876365	-0.0747930555556	0.136458950617	1.88495559215	12.1882159431	-37.7669857584
1.9	0.872592	-0.0582147222222	0.408053549383	2.49582083035	8.45515059855	-89.5127659889
1.95	0.8700195	-0.0290597222222	0.563144598765	2.82743338823	2.35619449019	-118.671615498
2	0.869505	0.00466861111111	0.561397839506	2.77507351067	-4.69299643314	-116.091329351
2.05	0.8707055	0.0330613888889	0.416046296296	2.32128790515	-10.753167447	-77.9634267411
2.1	0.873278	0.0505925	0.166312654321	1.57079632679	-13.7008346282	-12.098794753
2.15	0.8765365	0.0502113888889	-0.107346296296	0.767944870878	-12.3239637738	61.2427415615
2.2	0.8785945	0.0395402777778	-0.360361728395	0.157079632679	-6.76799898829	115.493392478
2.25	0.8813385	0.0113380555556	-0.522969135802	0	0.940538541353	130.242502021
2.3	0.880138	-0.0239147222222	-0.445741203704	0.279252680319	8.06729965366	102.629669472
2.35	0.87808	-0.0422080555556	-0.169647376543	0.925024503557	12.4500153309	45.0768987058
2.4	0.8751645	-0.0423986111111	0.15736712963	1.69296937443	12.8960439175	-21.5580483533
2.45	0.8731065	-0.0243911111111	0.434678395062	2.35619449019	9.8320214529	-78.4213063288
2.5	0.8720775	0.0077175	0.558857098765	2.77507351067	4.2372715729	-114.642275126
2.55	0.873964	0.0393497222222	0.499731944444	2.84488668075	-2.81191935044	-121.063362992
2.6	0.876365	0.0627880555556	0.30568287037	2.47836753783	-9.37629659266	-91.5543702682
2.65	0.8806525	0.0745072222222	0.00566373456791	1.79768912955	-13.293591136	-31.313576981
2.7	0.8847685	0.0647888888889	-0.320133333333	0.977384381117	-13.1190582108	42.372715729
2.75	0.8878555	0.0382063888889	-0.552769907407	0.296705972839	-8.56180960839	103.949440049
2.8	0.8888845	0.00333472222222	-0.640584259259	0	-1.19264165553	130.215567927
2.85	0.8881985	-0.0318227777778	-0.578494907407	0.174532925199	6.32197040167	113.279410001
2.9	0.8854545	-0.0601202777778	-0.384392901235	0.733038285838	11.548261884	62.4709362203
2.95	0.88151	-0.0735544444444	-0.109675308642	1.4835298642	13.1384507581	-3.18360983929
3	0.877394	-0.0701244444444	0.16207808642	2.19911485751	11.0149668348	-64.6633714227
3.05	0.874307	-0.0577383333333	0.42573287037	2.70526034059	5.91472690954	-107.6555713
3.1	0.8707055	-0.0262966666667	0.624228240741	2.86233997327	-0.901753446864	-122.006056261
3.15	0.8710485	0.0161019444444	0.575636574074	2.61799387799	-7.70853752964	-101.827033489
3.2	0.8731065	0.0427797222222	0.283451388889	2.00712863979	-12.4403190573	-49.6179868522
3.25	0.876365	0.0467813888889	-0.0769632716049	1.2217304764	-13.4972128821	21.2725469634
3.3	0.8785945	0.0307747222222	-0.353110030864	0.471238898038	-10.1907835769	88.3115054234
3.35	0.879795	0.005145	-0.477341666667	0.0523598775598	-3.43248086226	126.541757588
3.4	0.8792805	-0.0239147222222	-0.430867283951	0.0872664625997	4.31484176187	122.103018997
3.45	0.877051	-0.0446852777778	-0.226549382716	0.558505360638	10.4041015966	79.3209050482
3.5	0.8741355	-0.0498302777778	0.0572195987654	1.27409035396	13.0802731163	15.6648687185
3.55	0.8713915	-0.0384922222222	0.331725462963	2.02458193231	11.9458091025	-48.6429726713
3.6	0.8696765	-0.0128625	0.517358333333	2.60054058547	7.56309342531	-97.6360885568
3.65	0.869848	0.0192461111111	0.562721141975	2.86233997327	1.14416028742	-120.723993415
3.7	0.8717345	0.0486869444444	0.477024074074	2.74016692563	-5.80806789969	-111.410183919
3.75	0.874993	0.0713630555556	0.276464351852	2.23402144255	-11.4609954214	-67.5507062346
3.8	0.879452	0.0795569444444	-0.00979243827161	1.44862327916	-13.6620495337	1.09891101051
3.85	0.8833965	0.0738402777778	-0.3558625	0.680678408278	-11.4706916951	71.9301898206
3.9	0.888027	0.0431608333333	-0.658157716049	0.13962634016	-5.49778714378	119.840555152
3.95	0.8885415	-0.00409694444444	-0.70786095679	0.0523598775598	2.27862430121	127.048118544
4	0.8868265	-0.0379205555556	-0.526409722222	0.418879020479	8.96905310053	93.1973499653
4.05	0.884254	-0.0594533333333	-0.250951080247	1.08210413624	12.6148519825	34.0231467765
4.1	0.8803095	-0.0649794444444	0.0697645061728	1.83259571459	12.5663706144	-31.2543219755
4.15	0.8768795	-0.0510688888889	0.349034259259	2.47836753783	9.06601583675	-86.4638266165
4.2	0.87465	-0.0241052777778	0.495444444444	2.84488668075	3.00584482288	-118.795512328
4.25	0.8744785	0.00457333333333	0.490151234568	2.82743338823	-4.1500051103	-118.439982295
4.3	0.8751645	0.0303936111111	0.34342345679	2.39110107523	-10.3265314076	-82.5099017062
4.35	0.8779085	0.0454475	0.0596015432099	1.67551608191	-13.5941756183	-18.7461290029
4.4	0.880824	0.0372536111111	-0.242852469136	0.855211333477	-12.653637077	54.6007941303
4.45	0.882196	0.0151491666667	-0.424727160494	0.226892802759	-7.47582696271	111.905771237
4.5	0.8823675	-0.01029	-0.477024074074	0	0.184229198822	131.22290302
4.55	0.8813385	-0.0378252777778	-0.388839197531	0.261799387799	7.53400460444	106.863708954
4.6	0.8782515	-0.0564044444444	-0.141593364198	0.872664625997	12.1785196695	51.0401069835
4.65	0.8748215	-0.0554516666667	0.178539969136	1.64060949687	13.0220954746	-15.5032641581
4.7	0.871906	-0.0358244444444	0.437219135802	2.32128790515	10.2586574923	-74.2357482152
4.75	0.8707055	-0.00447805555556	0.537948919753	2.77507351067	4.78026289574	-112.692246765
4.8	0.871563	0.0258202777778	0.467972685185	2.86233997327	-2.18166156499	-121.742102145
4.85	0.873964	0.0437325	0.335113117284	2.54818070791	-8.83330526982	-95.8638252114
4.9	0.8758505	0.0595486111111	0.16763595679	1.88495559215	-13.1384507581	-38.1009685165
4.95	0.880138	0.066885	-0.117403395062	1.06465084372	-13.4002501459	36.1347796987
5	0.8837395	0.049735	-0.426103395062	0.349065850399	-9.14358602573	100.776603847
5.05	0.8857975	0.01715	-0.587705092593	0.0174532925199	-1.81320316735	130.738089339
5.1	0.8854545	-0.0174358333333	-0.558380709877	0.157079632679	5.84685299418	116.376830741
5.15	0.8837395	-0.0446852777778	-0.376558950617	0.698131700798	11.3252475907	66.3440588505
5.2	0.880481	-0.0590722222222	-0.0983478395062	1.44862327916	13.0996656636	0.371690488851
5.25	0.877051	-0.0552611111111	0.194895987654	2.16420827247	11.1022332974	-60.9841742649
5.3	0.874307	-0.0361102777778	0.408106481481	2.67035375555	6.25409648631	-104.348064631
5.35	0.8731065	-0.00867027777778	0.4844875	2.86233997327	-0.358762124021	-121.375798475
5.4	0.8734495	0.0186744444444	0.407365432099	2.65290046303	-7.26250894302	-104.67666057
5.45	0.875336	0.0373488888889	0.201459567901	2.05948851735	-12.2657861321	-54.3853213831
5.5	0.877737	0.0421127777778	-0.0777572530864	1.27409035396	-13.6232644392	16.6344960807
5.55	0.8803095	0.029155	-0.33611882716	0.506145483078	-10.5204568801	84.9339701117
5.6	0.8813385	0.00209611111111	-0.453045833333	0.0698131700798	-3.90759826974	124.882617435
5.65	0.880481	-0.0251533333333	-0.379787808642	0.0698131700798	3.81063553352	122.474709486
5.7	0.87808	-0.0386827777778	-0.218874228395	0.523598775598	9.94837673637	82.0250880251
5.75	0.8765365	-0.0469719444444	-0.0319709876543	1.20427718388	12.8281700022	20.7607991888
5.8	0.8731065	-0.0461144444444	0.229037191358	1.95476876223	12.0815569332	-43.0406812452
5.85	0.870877	-0.0238194444444	0.470142901235	2.54818070791	7.99942573831	-94.2046850583
5.9	0.8703625	0.00743166666667	0.569337654321	2.84488668075	1.69684788388	-121.063362992
5.95	0.871563	0.0403977777778	0.498567438272	2.75762021815	-5.44930577567	-114.809266505
6	0.8748215	0.0635502777778	0.277999382716	2.25147473507	-11.3252475907	-72.3126539468
6.05	0.8785945	0.0708866666667	-0.0128625	1.4835298642	-13.8268861852	-3.6684235204
6.1	0.882539	0.0621211111111	-0.300125	0.680678408278	-11.8973277344	69.0644022834
6.15	0.8854545	0.0381111111111	-0.513176697531	0.12217304764	-5.98260082489	119.646629679
6.2	0.8868265	0.00400166666667	-0.570978549383	0	1.84229198822	129.332129664
6.25	0.885626	-0.0262013888889	-0.462520679012	0.349065850399	8.76543135446	96.8280657549
6.3	0.8837395	-0.0458286111111	-0.255185648148	1.01229096616	12.6051557088	37.6215416541
6.35	0.8806525	-0.0542130555556	0.0116450617284	1.76278254451	12.7312072659	-28.0383912242
6.4	0.8775655	-0.0449711111111	0.271329938272	2.42600766027	9.38599286628	-83.9697295682
6.45	0.8755075	-0.0221997222222	0.420280864198	2.80998009571	3.41308831501	-117.163306268
6.5	0.8751645	0.00524027777778	0.396990740741	2.80998009571	-3.59731751383	-118.973277344
6.55	0.876708	0.0208658333333	0.274452932099	2.42600766027	-9.90959164188	-86.1890988639
6.6	0.8772225	0.0335377777778	0.103429320988	1.71042266695	-13.5166054293	-23.578105358
6.65	0.8803095	0.0372536111111	-0.177269598765	0.890117918517	-12.8087774549	50.4852646595
6.7	0.882196	0.0160066666667	-0.444894290123	0.244346095279	-7.81519653949	109.072304612
6.75	0.8823675	-0.0158161111111	-0.53292037037	0	-0.281191935044	130.377172488
6.8	0.880481	-0.0460191666667	-0.421392438272	0.226892802759	7.0782797442	108.587490931
6.85	0.8772225	-0.0636455555556	-0.166630246914	0.820304748437	11.8876314608	55.2041178223
6.9	0.8734495	-0.0647888888889	0.143128395062	1.57079632679	13.0317917482	-10.0841245671
6.95	0.8700195	-0.0484011111111	0.426950308642	2.26892802759	10.5883307954	-69.4414795909
7	0.8679615	-0.0172452777778	0.595909567901	2.74016692563	5.36203931307	-110.515972018
7.05	0.868133	0.0182933333333	0.598767901235	2.87979326579	-1.59018887404	-123.088806815
7.1	0.8700195	0.0487822222222	0.450028703704	2.58308729295	-8.45515059855	-99.5484091878
7.15	0.8734495	0.0680283333333	0.187697222222	1.93731546971	-12.9736141065	-42.8736898661
7.2	0.8775655	0.0694575	-0.113010030864	1.11701072128	-13.4875166085	30.6509982835
7.25	0.881167	0.0539272222222	-0.353004166667	0.401425727959	-9.59931088597	96.289383887
7.3	0.8833965	0.0276305555556	-0.459768209877	0.0174532925199	-2.4919423209	129.935453356
7.35	0.883568	0.00524027777778	-0.481629166667	0.12217304764	5.32325421858	119.19413691
7.4	0.884254	-0.0218186111111	-0.436107561728	0.645771823238	11.0149668348	71.1221670188
7.45	0.88151	-0.0475436111111	-0.203576851852	1.37881010908	13.0996656636	5.82853781067
7.5	0.8782515	-0.04802	0.141646296296	2.11184839491	11.4028177797	-56.4592465745
7.55	0.8758505	-0.0290597222222	0.405301080247	2.63544717051	6.74860644104	-101.837807126
7.6	0.874993	-9.52777777778E-05	0.502378549383	2.86233997327	0.232710566933	-121.742102145
7.65	0.8758505	0.0286786111111	0.415305246914	2.68780704807	-6.79708780916	-108.043422245
7.7	0.8782515	0.0477341666667	0.177269598765	2.11184839491	-12.0718606596	-59.5243464029
7.75	0.8813385	0.0498302777778	-0.13804691358	1.32645023152	-13.7008346282	10.7467032646
7.8	0.8840825	0.0323944444444	-0.41715787037	0.558505360638	-10.9858780139	80.1558619434
7.85	0.8851115	0.00219138888889	-0.559704012346	0.0698131700798	-4.60572997054	123.993792353
7.9	0.8844255	-0.0310605555556	-0.526409722222	0.0349065850399	3.22885911619	125.911499803
7.95	0.8816815	-0.0570713888889	-0.333525154321	0.453785605519	9.72536244306	87.2826230558
8	0.87808	-0.0679330555556	-0.0488563271605	1.15191730632	12.9057401911	25.1295091375
8.05	0.874307	-0.0633597222222	0.263866512346	1.90240888467	12.2851786793	-39.7654954883
8.1	0.870877	-0.039445	0.518152314815	2.51327412287	8.35818786233	-91.4358602573
8.15	0.869848	-0.00400166666667	0.605225617284	2.82743338823	2.20105411224	-119.285712828
8.2	0.8707055	0.0282975	0.518205246914	2.77507351067	-4.8481368111	-115.294080187
8.25	0.872935	0.0526886111111	0.307535493827	2.30383461263	-10.8404339096	-75.7117365333
8.3	0.8765365	0.0636455555556	0.000793981481475	1.55334303427	-13.5747830711	-9.62085816068
8.35	0.880481	0.0499255555556	-0.261749228395	0.767944870878	-12.0718606596	62.2231425611
8.4	0.8813385	0.0342047222222	-0.444523765432	0.174532925199	-6.56437724222	115.154022901
8.45	0.884597	0.00457333333333	-0.563673919753	0.0174532925199	1.11507146655	129.289035115
8.5	0.8823675	-0.0335377777778	-0.446164660494	0.314159265359	8.19335121075	100.938208407
8.55	0.8799665	-0.0477341666667	-0.164777623457	0.959931088597	12.4500153309	42.8629162288
8.6	0.877051	-0.0483058333333	0.109145987654	1.72787595947	12.7602960868	-23.5134635338
8.65	0.87465	-0.0348716666667	0.337389197531	2.37364778271	9.62839970684	-79.7464637238
8.7	0.8731065	-0.0111475	0.471625	2.79252680319	3.94638336423	-114.841587417
8.75	0.873278	0.0181027777778	0.467125771605	2.82743338823	-3.07371873823	-119.576601036
8.8	0.8751645	0.0418269444444	0.314363734568	2.46091424531	-9.45386678164	-89.5558605383
8.85	0.8779085	0.0540225	0.0593368827161	1.78023583703	-13.3032874096	-29.8160413882
8.9	0.8813385	0.0490680555556	-0.224485030864	0.959931088597	-13.0802731163	43.7355808548
8.95	0.883568	0.0270588888889	-0.421815895062	0.279252680319	-8.42606177768	104.946001504
9	0.883911	0.00362055555556	-0.528791666667	0	-1.02780500395	130.32869112
9.05	0.8844255	-0.0286786111111	-0.535884567901	0.174532925199	6.47711077962	112.293622182
9.1	0.881167	-0.0603108333333	-0.324685493827	0.750491578358	11.6355283466	60.1815382817
9.15	0.8772225	-0.0680283333333	0.0288479938272	1.50098315672	13.012399201	-5.67770688766
9.2	0.8734495	-0.05488	0.343899845679	2.19911485751	10.7628637206	-65.7138010651
9.25	0.87122	-0.0277258333333	0.530485493827	2.68780704807	5.71110516347	-107.644797662
9.3	0.870534	0.00381111111111	0.572354783951	2.84488668075	-1.09567891931	-121.817517607
9.35	0.871563	0.0352527777778	0.469190123457	2.58308729295	-7.90246300209	-101.282964802
9.4	0.8744785	0.0564997222222	0.231683796296	1.97222205475	-12.653637077	-47.5332880234
9.45	0.8779085	0.0612636111111	-0.0708231481481	1.15191730632	-13.4875166085	24.8817154783
9.5	0.8813385	0.0484963888889	-0.348769598765	0.436332312999	-9.92898418912	91.2419347848
9.55	0.8833965	0.0211516666667	-0.504707561728	0.0174532925199	-3.08341501186	127.656829055
9.6	0.883568	-0.00933722222222	-0.49046882716	0.0872664625997	4.71238898038	120.842503426
9.65	0.882196	-0.0340141666667	-0.327967283951	0.575958653158	10.5980270691	76.3581547747
9.7	0.8796235	-0.0456380555556	-0.076275154321	1.29154364648	13.0996656636	12.6213161649
9.75	0.877051	-0.0426844444444	0.197394382716	2.04203522483	11.8100612718	-50.9183648813
9.8	0.87465	-0.0236288888889	0.414490092593	2.60054058547	7.34977540562	-98.4371084943
9.85	0.874307	0.00476388888889	0.498662716049	2.86233997327	0.814486984264	-118.618285993
9.9	0.8751645	0.031556	0.4673375	2.70526034059	-5.84103523001	-110.535903247
9.95	0.877737	0.0534508333333	0.390120154321	2.18166156499	-10.8064969519	-90.2690753314
10	0.88151	0.066885	0.32112845679	1.3962634016	-13.8462787325	-73.3717024991
