Time,Position,Velocity1,Acceleration1,Angle2,Velocity2,Acceleration2
0.05,0.8195985,-0.225617777778,0.847696975309,-0.209439510239,-1.78411434648,20.3169253297
0.1,0.8072505,-0.190841388889,1.05952594136,-0.331612557879,-0.862968352375,22.6052459045
0.15,0.797818,-0.132455166667,1.33804935185,-0.349065850399,0.383972435439,24.7610507399
0.2,0.793016,-0.0551658333333,1.57778941358,-0.296705972839,1.70654415751,25.0788730419
0.25,0.7921585,0.0322991666667,1.68501925926,-0.174532925199,3.02523737012,22.6041685408
0.3,0.7962745,0.119097222222,1.6430758642,0.0174532925199,4.0627386477,17.9241004725
0.35,0.8041635,0.201798333333,1.46939506173,0.244346095279,4.80935171661,13.1169034834
0.4,0.817026,0.271065277778,1.17985648148,0.506145483078,5.34264676583,8.80206172148
0.45,0.832118,0.320895555556,0.850036574074,0.785398163397,5.6820163426,4.72423998148
0.5,0.849611,0.356243611111,0.504760493827,1.08210413624,5.82746044694,0.48481368111
0.55,0.868476,0.372726666667,0.134235802469,1.37881010908,5.72080143709,-3.641489427
0.6,0.887684,0.369773055556,-0.23750632716,1.65806278939,5.46869832292,-7.8216607219
0.65,0.906206,0.347763888889,-0.586752314815,1.93731546971,4.95479582094,-12.1957574892
0.7,0.923013,0.310319722222,-0.9132375,2.16420827247,4.19848647841,-15.7348973613
0.75,0.9379335,0.255820833333,-1.21283317901,2.35619449019,3.38399949414,-19.3225186016
0.8,0.9492525,0.185886944444,-1.43774166667,2.51327412287,2.3174093957,-23.594265814
0.85,0.9567985,0.108045,-1.56790169753,2.60054058547,0.989019909463,-27.0041220378
0.9,0.9602285,0.025725,-1.60961219136,2.61799387799,-0.48481368111,-28.3292794328
0.95,0.959371,-0.0564044444444,-1.56223796296,2.54818070791,-1.91016590357,-28.0060703121
1,0.9543975,-0.13377,-1.43377175926,2.42600766027,-3.30642930517,-26.7617151972
1.05,0.945651,-0.202465277778,-1.24062253086,2.21656815003,-4.64451506503,-23.9713431215
1.1,0.933646,-0.259155555556,-1.0119558642,1.95476876223,-5.79837162607,-19.0477908489
1.15,0.91924,-0.303555,-0.773232098765,1.62315620435,-6.63225115758,-12.1634365772
1.2,0.9029475,-0.337473888889,-0.506983641975,1.27409035396,-7.03949464971,-4.39564404206
1.25,0.88494,-0.357005833333,-0.185474074074,0.907571211037,-7.10736856507,4.22326584433
1.3,0.866418,-0.357101111111,0.162448611111,0.541052068118,-6.6419474312,13.273121225
1.35,0.848582,-0.340141666667,0.502854938272,0.226892802759,-5.74989025796,21.5095669852
1.4,0.831775,-0.306603888889,0.833362962963,-0.0523598775598,-4.42150077172,27.9791362187
1.45,0.8171975,-0.255535,1.12951805556,-0.226892802759,-2.81191935044,31.2866428876
1.5,0.805707,-0.1912225,1.36744783951,-0.331612557879,-1.19264165553,32.0030897719
1.55,0.7976465,-0.116048333333,1.53730694444,-0.349065850399,0.465421133865,30.5540355473
1.6,0.7938735,-0.0346811111111,1.63427854938,-0.279252680319,1.9683435453,26.7347811039
1.65,0.794045,0.0501161111111,1.65539845679,-0.13962634016,3.1900740217,21.7465870071
1.7,0.798847,0.134722777778,1.58087006173,0.0523598775598,4.12091628943,16.9577052015
1.75,0.807765,0.212850555556,1.40270061728,0.279252680319,4.8481368111,12.7936943626
1.8,0.820799,0.277163055556,1.15624876543,0.541052068118,5.42991322843,8.2579930349
1.85,0.835891,0.329375277778,0.854588734568,0.837758040957,5.6820163426,3.70074443247
1.9,0.8538985,0.37044,0.403818981481,1.11701072128,5.74019398434,0.150830923012
1.95,0.87465,0.375489722222,-0.13375941358,1.41371669412,5.69171261623,-3.34521439966
2,0.893172,0.3455725,-0.465273148148,1.69296937443,5.45900204929,-7.75163207907
2.05,0.908607,0.319466388889,-0.618987962963,1.97222205475,4.94509954732,-12.7075052637
2.1,0.925071,0.289930277778,-0.856600154321,2.19911485751,4.1500051103,-16.9954129322
2.15,0.938791,0.237622777778,-1.15513719136,2.39110107523,3.21916284257,-20.6638364526
2.2,0.949424,0.1706425,-1.38983811728,2.53072741539,2.06530628153,-23.8151253798
2.25,0.9561125,0.0949919444444,-1.53831265432,2.60054058547,0.814486984264,-26.3577037963
2.3,0.9591995,0.0133388888889,-1.59246219136,2.61799387799,-0.581776417331,-28.3346662515
2.35,0.9574845,-0.0687905555556,-1.53947716049,2.54818070791,-2.08469882877,-28.6901962843
2.4,0.9519965,-0.14406,-1.40084799383,2.40855436775,-3.55853241934,-26.7186206478
2.45,0.9427355,-0.210659166667,-1.20843981481,2.18166156499,-4.81904799023,-23.0609707648
2.5,0.930559,-0.266873055556,-0.967969290123,1.91986217719,-5.88563808867,-18.3798253327
2.55,0.915467,-0.309081111111,-0.691240277778,1.58824961931,-6.75830271467,-11.4846974236
2.6,0.899003,-0.335663611111,-0.411970524691,1.2217304764,-7.12676111231,-2.68263570214
2.65,0.88151,-0.350526944444,-0.122061419753,0.855211333477,-7.01040582884,6.08710510726
2.7,0.863331,-0.349574166667,0.200930246914,0.506145483078,-6.48680705325,14.2966167741
2.75,0.845838,-0.331090277778,0.537948919753,0.191986217719,-5.57535733276,22.0320883971
2.8,0.8295455,-0.295361111111,0.866075,-0.0698131700798,-4.2372715729,28.3777608009
2.85,0.815654,-0.243244166667,1.16323580247,-0.244346095279,-2.60829760437,31.7876170247
2.9,0.804678,-0.177121388889,1.40921126543,-0.331612557879,-0.921145994108,32.0084765906
2.95,0.797475,-0.0995652777778,1.58155817901,-0.331612557879,0.669042879931,30.0907691409
3,0.794388,-0.0144822222222,1.64756450617,-0.261799387799,2.15257274413,26.5246951754
3.05,0.796103,0.0697433333333,1.60458364198,-0.10471975512,3.37430322052,21.7358133697
3.1,0.801591,0.148728611111,1.4836337963,0.0872664625997,4.31484176187,16.9361579268
3.15,0.811195,0.221044444444,1.28683225309,0.331612557879,5.08084737803,11.931803374
3.2,0.824229,0.2804025,1.01825478395,0.610865238198,5.5074834174,7.0513456508
3.25,0.8398355,0.324611388889,0.702991203704,0.890117918517,5.73049771071,3.16744938325
3.3,0.8573285,0.352146666667,0.353480555556,1.18682389136,5.82746044694,-0.705673246948
3.35,0.8758505,0.360245277778,-0.00439336419754,1.4835298642,5.6820163426,-4.93971272864
3.4,0.8940295,0.350812777778,-0.346599382716,1.76278254451,5.3329504922,-9.24378085316
3.45,0.9115225,0.325373611111,-0.67827191358,2.02458193231,4.77056662212,-13.7363876314
3.5,0.9273005,0.282212777778,-0.984748765432,2.25147473507,3.94638336423,-17.9273325637
3.55,0.9403345,0.224379166667,-1.23315910494,2.42600766027,2.93797090752,-21.3641228809
3.6,0.95011,0.156255555556,-1.4147691358,2.54818070791,1.81320316735,-24.6231481817
3.65,0.956284,0.0803191666667,-1.5264029321,2.61799387799,0.465421133865,-27.3758125267
3.7,0.958342,-9.52777777772E-05,-1.54964012346,2.60054058547,-1.00841245671,-28.3616003449
3.75,0.9561125,-0.0777466666667,-1.49310864198,2.51327412287,-2.43376467917,-27.7905975649
3.8,0.950453,-0.1517775,-1.36930046296,2.35619449019,-3.82033180714,-26.0506551316
3.85,0.9406775,-0.218281388889,-1.16477083333,2.12930168743,-5.11963247252,-22.3768447925
3.9,0.9279865,-0.270398333333,-0.910749691358,1.83259571459,-6.14743747647,-16.6237224434
3.95,0.913066,-0.3087,-0.655405246914,1.50098315672,-6.83587290364,-9.39999859485
4,0.8967735,-0.336235277778,-0.385133950617,1.1344640138,-7.13645738593,-0.985787818256
4.05,0.8789375,-0.349955277778,-0.0630950617284,0.767944870878,-6.96192446073,8.00481255699
4.1,0.86093,-0.343952777778,0.285145216049,0.418879020479,-6.31227412805,16.5267597072
4.15,0.84378,-0.319561666667,0.600991049383,0.12217304764,-5.26507657685,23.879767204
4.2,0.8285165,-0.281926944444,0.877614197531,-0.12217304764,-3.86881317525,29.5628609103
4.25,0.8151395,-0.231906111111,1.14375679012,-0.279252680319,-2.16226901775,31.9815424972
4.3,0.804678,-0.166831388889,1.38253348765,-0.331612557879,-0.542991322843,31.3997660799
4.35,0.7979895,-0.0905138888889,1.54895200617,-0.331612557879,1.01810873033,29.3743222566
4.4,0.795417,-0.00819388888889,1.62422145062,-0.226892802759,2.47254977366,25.5119732637
4.45,0.797132,0.0752694444444,1.6078125,-0.0698131700798,3.60701378745,20.7123178207
4.5,0.802963,0.1569225,1.48495709877,0.13962634016,4.55724860243,15.5679059823
4.55,0.813253,0.228380833333,1.2561845679,0.401425727959,5.15841756701,10.5689382482
4.6,0.8264585,0.284499444444,0.971939197531,0.663225115758,5.55596478552,6.63117379384
4.65,0.8422365,0.326326388889,0.659798611111,0.959931088597,5.82746044694,2.63415433403
4.7,0.8597295,0.351575,0.321615432099,1.25663706144,5.84685299418,-1.77765016407
4.75,0.87808,0.3592925,-0.0319180555556,1.55334303427,5.65292752174,-6.28103057971
4.8,0.8964305,0.348145,-0.379999537037,1.83259571459,5.19720266149,-10.4342677812
4.85,0.9135805,0.319656944444,-0.696639351852,2.07694180987,4.60572997054,-14.4636081531
4.9,0.928844,0.277925277778,-0.99385308642,2.30383461263,3.76215416541,-18.6006848986
4.95,0.9420495,0.219996388889,-1.26941759259,2.46091424531,2.72465288784,-22.2529479629
5,0.951482,0.14749,-1.46463117284,2.58308729295,1.51261868506,-25.3018873352
5.05,0.95697,0.0692669444444,-1.55980308642,2.61799387799,0.155140377955,-27.3596520706
5.1,0.9585135,-0.0117191666667,-1.56652546296,2.60054058547,-1.26051557088,-28.3616003449
5.15,0.9557695,-0.0911808333333,-1.47881697531,2.49582083035,-2.74404543508,-27.8013712023
5.2,0.949081,-0.163306111111,-1.30292361111,2.32128790515,-4.12091628943,-25.3342082473
5.25,0.9389625,-0.223331111111,-1.08209089506,2.07694180987,-5.3329504922,-21.2994810567
5.3,0.9262715,-0.272303888889,-0.840879320988,1.78023583703,-6.32197040167,-15.4440091527
5.35,0.911008,-0.304888888889,-0.631162345679,1.43116998664,-6.96192446073,-7.69776389228
5.4,0.8960875,-0.337378611111,-0.388521604938,1.06465084372,-7.13645738593,1.08813737316
5.45,0.8761935,-0.348526111111,-0.0602896604938,0.698131700798,-6.83587290364,9.68011316615
5.5,0.860244,-0.338140833333,0.201565432099,0.366519142919,-6.13774120285,17.5933498056
5.55,0.843094,-0.332424166667,0.540436728395,0.0698131700798,-5.06145483078,24.8170736541
5.6,0.825258,-0.291359444444,0.990253703704,-0.157079632679,-3.58762124021,30.2631473386
5.65,0.8127385,-0.225046111111,1.29016697531,-0.296705972839,-1.91016590357,32.7787916617
5.7,0.802963,-0.156065,1.46103179012,-0.349065850399,-0.193925472444,32.3478461674
5.75,0.796789,-0.0786994444444,1.58875694444,-0.314159265359,1.44474476971,29.0726604105
5.8,0.794731,0.00533555555556,1.64698225309,-0.191986217719,2.80222307681,23.8420594732
5.85,0.7973035,0.0902280555556,1.60966512346,-0.0174532925199,3.8009392599,18.8538653765
5.9,0.803992,0.169975555556,1.47834058642,0.191986217719,4.64451506503,14.5336367959
5.95,0.814625,0.241052777778,1.2647066358,0.453785605519,5.28446912409,9.81478363313
6,0.8285165,0.300315555556,0.962093827161,0.733038285838,5.64323124812,4.90739181656
6.05,0.845495,0.339951111111,0.598767901235,1.02974425868,5.73049771071,0.781088708454
6.1,0.863331,0.359578333333,0.237400462963,1.308996939,5.69171261623,-2.73650388893
6.15,0.8820245,0.363103611111,-0.113962808642,1.60570291183,5.47839459654,-6.50727696423
6.2,0.900375,0.348240277778,-0.460826851852,1.86750229963,5.03236600992,-10.2187950341
6.25,0.917525,0.316226944444,-0.786570987654,2.11184839491,4.46028586621,-14.1403990324
6.3,0.932617,0.2683975,-1.08045,2.32128790515,3.67488770281,-18.9616017501
6.35,0.944965,0.205895277778,-1.31954429012,2.49582083035,2.55011996264,-23.4218876163
6.4,0.95354,0.133960555556,-1.49496126543,2.58308729295,1.24112302364,-26.1314574118
6.45,0.958685,0.0541177777778,-1.6033662037,2.61799387799,-0.0872664625997,-27.9791362187
6.5,0.9591995,-0.0306794444444,-1.60749490741,2.58308729295,-1.58049260042,-28.8518008447
6.55,0.9554265,-0.111475,-1.49771373457,2.46091424531,-3.07371873823,-27.4997093563
6.6,0.947709,-0.183790833333,-1.30440570988,2.26892802759,-4.42150077172,-24.1221740445
6.65,0.9365615,-0.244006388889,-1.06054753086,2.00712863979,-5.51717969103,-19.6187936289
6.7,0.92267,-0.289549166667,-0.81293117284,1.71042266695,-6.39954059065,-14.264295862
6.75,0.907235,-0.324420833333,-0.570872685185,1.36135681656,-7.05888719695,-6.59346606309
6.8,0.8899135,-0.3490025,-0.280645987654,0.977384381117,-7.13645738593,2.70418297686
6.85,0.871563,-0.355386111111,0.0662180555556,0.628318530718,-6.7292138938,11.2207433083
6.9,0.8535555,-0.3421425,0.414458333333,0.296705972839,-6.02138591938,19.5864727168
6.95,0.8367485,-0.312701666667,0.738667438272,0,-4.75117407487,27.0202824938
7,0.8216565,-0.267254166667,1.03514012346,-0.191986217719,-3.16098520083,31.1411987833
7.05,0.80948,-0.207800833333,1.29313117284,-0.314159265359,-1.53201123231,32.6279607387
7.1,0.8003905,-0.136151944444,1.49988395062,-0.349065850399,0.164836651577,32.05157114
7.15,0.795417,-0.0542130555556,1.61919290123,-0.296705972839,1.79381062011,28.7063567404
7.2,0.7949025,0.0301077777778,1.63454320988,-0.157079632679,3.14159265359,23.1148389516
7.25,0.798504,0.112713611111,1.55916790123,0.0349065850399,4.10152374219,17.3671034211
7.3,0.806393,0.189412222222,1.39798966049,0.261799387799,4.81904799023,12.6751843517
7.35,0.8178835,0.255344444444,1.16567067901,0.523598775598,5.34264676583,8.591975793
7.4,0.832461,0.307937777778,0.87936095679,0.802851455917,5.6820163426,4.54108814639
7.45,0.849268,0.345000833333,0.547370833333,1.09955742876,5.81776417331,0.183151835086
7.5,0.8676185,0.364723333333,0.172558641975,1.3962634016,5.69171261623,-4.01856673453
7.55,0.886655,0.3627225,-0.211199074074,1.67551608191,5.38143186032,-7.68160343625
7.6,0.9046625,0.341475555556,-0.555098919753,1.93731546971,4.94509954732,-11.6840097147
7.65,0.921298,0.305841666667,-0.86522808642,2.18166156499,4.24696784652,-16.1927769491
7.7,0.9358755,0.254486944444,-1.15122021605,2.37364778271,3.28703675792,-20.0066445738
7.75,0.947366,0.188459444444,-1.38004567901,2.51327412287,2.21075038586,-23.1094521329
7.8,0.9550835,0.112999444444,-1.52672052469,2.60054058547,0.979323635841,-26.0291078569
7.85,0.9588565,0.0323944444444,-1.58806882716,2.61799387799,-0.407243492132,-28.3616003449
7.9,0.958342,-0.0488775,-1.56816635802,2.56563400043,-1.91986217719,-29.1373022347
7.95,0.953883,-0.127576944444,-1.46696018519,2.42600766027,-3.42278458863,-27.5643511804
8,0.945308,-0.199035277778,-1.28339166667,2.21656815003,-4.77056662212,-23.745096737
8.05,0.9334745,-0.258393333333,-1.03948055556,1.93731546971,-5.84685299418,-18.4336935195
8.1,0.918897,-0.303745555556,-0.768468209877,1.62315620435,-6.66133997844,-11.8240670004
8.15,0.9026045,-0.335758888889,-0.478241512346,1.25663706144,-7.10736856507,-3.54452669078
8.2,0.8847685,-0.353004166667,-0.157525925926,0.890117918517,-7.02979837609,5.19828002523
8.25,0.8665895,-0.352623055556,0.184521296296,0.541052068118,-6.58376978947,13.8118030929
8.3,0.8487535,-0.333853333333,0.513706018519,0.209439510239,-5.62383870087,21.6873320016
8.35,0.8326325,-0.299839166667,0.812243055556,-0.0349065850399,-4.31484176187,27.3596520706
8.4,0.8182265,-0.251723888889,1.08420817901,-0.226892802759,-2.83131189768,31.297416525
8.45,0.8069075,-0.189983888889,1.31869737654,-0.331612557879,-1.08598264569,32.6926025628
8.5,0.798847,-0.118049166667,1.5047537037,-0.331612557879,0.591472690954,30.7102532889
8.55,0.794731,-0.0371583333333,1.62533302469,-0.261799387799,2.04591373428,26.9987352191
8.6,0.7949025,0.0486869444444,1.64306527778,-0.12217304764,3.33551812603,22.118277496
8.65,0.7997045,0.132055,1.54434691358,0.0872664625997,4.27605666739,16.8122610971
8.7,0.808451,0.207133888889,1.34759830247,0.314159265359,4.98388464181,12.0880211157
8.75,0.8209705,0.269064444444,1.08838981481,0.593411945678,5.47839459654,7.57925388135
8.8,0.835891,0.317084444444,0.791758333333,0.872664625997,5.72080143709,3.53375305342
8.85,0.8532125,0.350241111111,0.45103441358,1.16937059884,5.82746044694,-0.371690488851
8.9,0.8717345,0.363675277778,0.0821506172839,1.46607657168,5.69171261623,-4.43335177281
8.95,0.890428,0.357005833333,-0.264131172839,1.74532925199,5.37173558669,-8.41959759527
9,0.907921,0.335854166667,-0.58437037037,2.00712863979,4.89661817921,-13.2084794009
9.05,0.9245565,0.299743888889,-0.914402006173,2.25147473507,4.07243492132,-18.2343812284
9.1,0.938791,0.24353,-1.21574444444,2.42600766027,2.98645227563,-21.7034924577
9.15,0.949424,0.174167777778,-1.43096635802,2.54818070791,1.86168453546,-24.2783917862
9.2,0.9564555,0.0971833333333,-1.56356126543,2.61799387799,0.591472690954,-27.0310561312
9.25,0.959371,0.0148633333333,-1.61358209877,2.61799387799,-0.882360899619,-28.7063567404
9.3,0.957999,-0.0681236111111,-1.56753117284,2.53072741539,-2.38528331106,-28.1353539604
9.35,0.9523395,-0.145965555556,-1.42747283951,2.37364778271,-3.77185043903,-25.7112855548
9.4,0.942907,-0.212755277778,-1.23310617284,2.14675497995,-4.99358091543,-22.0751829465
9.45,0.9307305,-0.2701125,-1.00639799383,1.86750229963,-6.02138591938,-17.1893384047
9.5,0.915467,-0.315655277778,-0.72845154321,1.53588974176,-6.79708780916,-10.4019468691
9.55,0.8984885,-0.344810277778,-0.408953395062,1.16937059884,-7.13645738593,-1.93925472444
9.6,0.8803095,-0.357005833333,-0.0733638888889,0.802851455917,-7.00070955522,6.9759301893
9.65,0.8621305,-0.352146666667,0.266036728395,0.453785605519,-6.43832568513,15.8480205536
9.7,0.844466,-0.330613888889,0.605754938272,0.13962634016,-5.40082440756,24.0359849457
9.75,0.828345,-0.291264166667,0.926608148148,-0.10471975512,-3.93668709061,29.7912620223
9.8,0.814625,-0.234955,1.17018578704,-0.261799387799,-2.26892802759,31.888350534
9.85,0.8045065,-0.168546388889,1.27497016975,-0.331612557879,-0.581776417331,29.9997319052
9.9,0.797475,-0.100842,1.23589569444,-0.314159265359,0.866846861824,25.3767641149
9.95,0.794731,-0.0395879166667,1.09297373457,-0.226892802759,1.96349540849,20.4074238835
10,0.7962745,0.00228666666667,0.952322561728,-0.0698131700798,2.67617151972,16.7777854576