Vernier Format 2
Untitled.cmbl 10/24/2024 10:58:24 .
Latest
Time	Position	Velocity 1	Acceleration 1	Angle 2	Velocity 2	Acceleration 2
t	x	v 1	acc 1	Angle 2	v 2	acc 2
s	m	m/s	m/s²	rad	rad/s	rad/s²

0.05	1.07359	0.342618888889	-0.954439845679	0	0.271495661421	-1.27990811813
0.1	1.091769	0.305508194444	-1.30284950617	0.0174532925199	0.193925472444	-1.06335800723
0.15	1.106861	0.240157166667	-1.85491541667	0.0174532925199	0.168715161026	-1.05689382482
0.2	1.118523	0.125004444444	-2.45742032407	0.0349065850399	0.126051557088	-1.61927769491
0.25	1.1207525	-0.025725	-2.67128717593	0.0349065850399	0	-2.02113436836
0.3	1.1152645	-0.165116388889	-2.3563041358	0.0349065850399	-0.126051557088	-1.51585077627
0.35	1.103088	-0.275924444444	-1.64602947531	0.0174532925199	-0.164836651577	-0.69489960959
0.4	1.0861095	-0.343476388889	-0.60840154321	0.0174532925199	-0.174532925199	-0.188538653765
0.45	1.0658725	-0.343952777778	0.576854012346	0	-0.174532925199	0.150830923012
0.5	1.048894	-0.277925277778	1.59701435185	0	-0.164836651577	0.544068686578
0.55	1.036546	-0.170166111111	2.28619027778	-0.0174532925199	-0.135747830711	1.19048692806
0.6	1.030715	-0.0340141666667	2.58287469136	-0.0174532925199	-0.0290888208666	1.51908286748
0.65	1.0329445	0.106234722222	2.43291805556	-0.0174532925199	0.0290888208666	1.54601696087
0.7	1.0422055	0.225903611111	1.87390216049	-0.0174532925199	0.135747830711	1.33593103239
0.75	1.057126	0.3061275	1.00290447531	0	0.174532925199	0.834956895244
0.8	1.074962	0.333186388889	-0.0394344135802	0	0.203621746066	0.490200499789
0.85	1.092798	0.302221111111	-1.07880910494	0.0174532925199	0.261799387799	-0.511747774505
0.9	1.1073755	0.217709722222	-1.93022191358	0.0349065850399	0.164836651577	-1.67530060917
0.95	1.116122	0.0949919444444	-2.4350882716	0.0349065850399	0.0387850944888	-1.83690516954
1	1.117494	-0.0432561111111	-2.51099290123	0.0349065850399	-0.0290888208666	-1.66452697181
1.05	1.1114915	-0.173881944444	-2.14983719136	0.0349065850399	-0.135747830711	-1.22280784013
1.1	1.0988005	-0.272970833333	-1.42265601852	0.0174532925199	-0.164836651577	-0.549455505257
1.15	1.0823365	-0.325659444444	-0.457333333333	0.0174532925199	-0.174532925199	-0.156217741691
1.2	1.063986	-0.322610555556	0.598873765432	0	-0.174532925199	0.156217741691
1.25	1.0476935	-0.261728055556	1.55578024691	0	-0.164836651577	0.544068686578
1.3	1.0360315	-0.156160277778	2.24511496914	-0.0174532925199	-0.135747830711	1.19048692806
1.35	1.0308865	-0.0217233333333	2.54894521605	-0.0174532925199	-0.0290888208666	1.51908286748
1.4	1.0336305	0.117572777778	2.39734768519	-0.0174532925199	0.0290888208666	1.54601696087
1.45	1.0435775	0.234955	1.8351029321	-0.0174532925199	0.135747830711	1.33593103239
1.5	1.058841	0.311844166667	0.988348148148	0	0.174532925199	0.834956895244
1.55	1.076677	0.339379444444	-0.0179969135802	0	0.203621746066	0.490200499789
1.6	1.0946845	0.315274166667	-1.11363842593	0.0174532925199	0.261799387799	-0.511747774505
1.65	1.1111485	0.224379166667	-2.08420138889	0.0349065850399	0.164836651577	-1.67530060917
1.7	1.119209	0.0860358333333	-2.59182021605	0.0349065850399	0.0387850944888	-1.83690516954
1.75	1.1197235	-0.0571666666667	-2.57985756173	0.0349065850399	-0.0290888208666	-1.66452697181
1.8	1.1128635	-0.186935	-2.16545216049	0.0349065850399	-0.135747830711	-1.22280784013
1.85	1.0998295	-0.285356944444	-1.43043703704	0.0174532925199	-0.164836651577	-0.549455505257
1.9	1.082851	-0.342523611111	-0.410223765432	0.0174532925199	-0.174532925199	-0.156217741691
1.95	1.0627855	-0.334043888889	0.75587037037	0	-0.174532925199	0.156217741691
2	1.046493	-0.257821666667	1.7279683642	0	-0.164836651577	0.549455505257
2.05	1.0356885	-0.144726944444	2.32530709877	-0.0174532925199	-0.135747830711	1.22280784013
2.1	1.0312295	-0.0105758333333	2.5382529321	-0.0174532925199	-0.0290888208666	1.66452697181
2.15	1.034488	0.125290277778	2.33827546296	-0.0174532925199	0.0387850944888	1.83690516954
2.2	1.0446065	0.239814166667	1.73675509259	-0.0174532925199	0.164836651577	1.67530060917
2.25	1.060213	0.311748888889	0.826693518519	0	0.261799387799	0.511747774505
2.3	1.078049	0.328136666667	-0.222367746914	0.0174532925199	0.203621746066	-0.490200499789
2.35	1.0953705	0.287167222222	-1.21939675926	0.0174532925199	0.174532925199	-0.834956895244
2.4	1.1087475	0.196939166667	-1.99516959877	0.0349065850399	0.135747830711	-1.33593103239
2.45	1.1162935	0.0748883333333	-2.44556882716	0.0349065850399	0.0290888208666	-1.54601696087
2.5	1.1169795	-0.0637408333333	-2.48786157407	0.0349065850399	-0.0290888208666	-1.51908286748
2.55	1.109605	-0.193413888889	-2.06482824074	0.0349065850399	-0.135747830711	-1.19048692806
2.6	1.0960565	-0.286023888889	-1.26100138889	0.0174532925199	-0.164836651577	-0.544068686578
2.65	1.0789065	-0.327374444444	-0.252644907407	0.0174532925199	-0.174532925199	-0.150830923012
2.7	1.0610705	-0.312415833333	0.787470833333	0	-0.174532925199	0.188538653765
2.75	1.045464	-0.243244166667	1.69107469136	0	-0.164836651577	0.69489960959
2.8	1.0350025	-0.131483333333	2.30371080247	-0.0174532925199	-0.126051557088	1.5136960488
2.85	1.031401	0.00323944444445	2.52009722222	-0.0174532925199	0	2.00389654859
2.9	1.0353455	0.137676388889	2.30847469136	-0.0174532925199	0.126051557088	1.5136960488
2.95	1.0459785	0.250675833333	1.69425061728	0	0.164836651577	0.69489960959
3	1.062271	0.319561666667	0.778842901235	0	0.174532925199	0.188538653765
3.05	1.0802785	0.331947777778	-0.245816666667	0.0174532925199	0.174532925199	-0.150830923012
3.1	1.097257	0.295075277778	-1.26513009259	0.0174532925199	0.164836651577	-0.544068686578
3.15	1.1121775	0.2015125	-2.14994305556	0.0349065850399	0.135747830711	-1.19048692806
3.2	1.1193805	0.0630738888889	-2.63035478395	0.0349065850399	0.0290888208666	-1.5136960488
3.25	1.1186945	-0.0831775	-2.59224367284	0.0349065850399	-0.0290888208666	-1.5136960488
3.3	1.110634	-0.2169475	-2.04979552469	0.0349065850399	-0.135747830711	-1.19048692806
3.35	1.0950275	-0.3044125	-1.12110185185	0.0174532925199	-0.164836651577	-0.544068686578
3.4	1.077706	-0.332995833333	-0.0708231481481	0.0174532925199	-0.174532925199	-0.150830923012
3.45	1.0596985	-0.308795277778	0.930069907407	0	-0.174532925199	0.188538653765
3.5	1.044778	-0.233621111111	1.76496790123	0	-0.164836651577	0.69489960959
3.55	1.034831	-0.121193333333	2.31673209877	-0.0174532925199	-0.126051557088	1.5136960488
3.6	1.031744	0.0131483333333	2.49167268519	-0.0174532925199	0	2.00389654859
3.65	1.036203	0.145679722222	2.23415802469	-0.0174532925199	0.126051557088	1.5136960488
3.7	1.0473505	0.252771944444	1.5822992284	0	0.164836651577	0.69489960959
3.75	1.0633	0.315178888889	0.6559875	0	0.174532925199	0.188538653765
3.8	1.081136	0.322134166667	-0.363431790123	0.0174532925199	0.174532925199	-0.150830923012
3.85	1.0977715	0.274495277778	-1.28995524691	0.0174532925199	0.164836651577	-0.544068686578
3.9	1.110291	0.183219166667	-1.98765324074	0.0349065850399	0.135747830711	-1.19048692806
3.95	1.1169795	0.0663133333333	-2.42148472222	0.0349065850399	0.0290888208666	-1.5136960488
4	1.1180085	-0.0723158333333	-2.50051234568	0.0349065850399	-0.0290888208666	-1.5136960488
4.05	1.109605	-0.205609444444	-2.07557345679	0.0349065850399	-0.135747830711	-1.19048692806
4.1	1.095542	-0.296409166667	-1.24443364198	0.0174532925199	-0.164836651577	-0.544068686578
4.15	1.0782205	-0.340236944444	-0.161389969136	0.0174532925199	-0.174532925199	-0.150830923012
4.2	1.0586695	-0.316322222222	0.990888888889	0	-0.174532925199	0.188538653765
4.25	1.0439205	-0.230000555556	1.89586898148	0	-0.164836651577	0.69489960959
4.3	1.034488	-0.110426944444	2.4140212963	-0.0174532925199	-0.126051557088	1.5136960488
4.35	1.032087	0.0279163888889	2.51109876543	-0.0174532925199	0	2.00389654859
4.4	1.037575	0.1586375	2.16841635802	-0.0174532925199	0.126051557088	1.5136960488
4.45	1.049237	0.258869722222	1.47310030864	0	0.164836651577	0.69489960959
4.5	1.0651865	0.315464722222	0.538742901235	0	0.174532925199	0.188538653765
4.55	1.0830225	0.316893888889	-0.492321450617	0.0174532925199	0.174532925199	-0.150830923012
4.6	1.0991435	0.262776111111	-1.43715941358	0.0174532925199	0.164836651577	-0.544068686578
4.65	1.1111485	0.163020277778	-2.13173441358	0.0349065850399	0.135747830711	-1.19048692806
4.7	1.1166365	0.0342047222222	-2.44863888889	0.0349065850399	0.0290888208666	-1.5136960488
4.75	1.11475	-0.0993747222222	-2.33525833333	0.0349065850399	-0.0290888208666	-1.5136960488
4.8	1.1060035	-0.215708888889	-1.81874691358	0.0349065850399	-0.135747830711	-1.19048692806
4.85	1.0915975	-0.293646111111	-0.994170679012	0.0174532925199	-0.164836651577	-0.544068686578
4.9	1.074619	-0.321467222222	-0.0075163580247	0.0174532925199	-0.174532925199	-0.150830923012
4.95	1.0572975	-0.295265833333	0.994382407407	0	-0.174532925199	0.188538653765
5	1.0428915	-0.215804166667	1.83658503086	0	-0.164836651577	0.69489960959
5.05	1.034145	-0.0980408333333	2.35029104938	-0.0174532925199	-0.126051557088	1.5136960488
5.1	1.03243	0.0363961111111	2.44530416667	-0.0174532925199	0	2.00389654859
5.15	1.0380895	0.163591944444	2.11749567901	-0.0174532925199	0.126051557088	1.5136960488
5.2	1.049923	0.262680833333	1.43107222222	0	0.164836651577	0.69489960959
5.25	1.0662155	0.316131666667	0.512753240741	0	0.174532925199	0.188538653765
5.3	1.0837085	0.316608055556	-0.477235802469	0.0174532925199	0.174532925199	-0.150830923012
5.35	1.100001	0.264395833333	-1.38121018519	0.0174532925199	0.164836651577	-0.544068686578
5.4	1.111663	0.171595277778	-2.09754027778	0.0349065850399	0.135747830711	-1.19048692806
5.45	1.1186945	0.0434466666667	-2.50781697531	0.0349065850399	0.0290888208666	-1.5136960488
5.5	1.116808	-0.1003275	-2.42397253086	0.0349065850399	-0.0290888208666	-1.5136960488
5.55	1.107547	-0.220091666667	-1.84987098765	0.0349065850399	-0.135747830711	-1.19048692806
5.6	1.0929695	-0.296695	-0.979720216049	0.0174532925199	-0.164836651577	-0.544068686578
5.65	1.0758195	-0.322038888889	0.0108510802469	0.0174532925199	-0.174532925199	-0.150830923012
5.7	1.0586695	-0.294408333333	0.980884722222	0	-0.174532925199	0.188538653765
5.75	1.0446065	-0.220282222222	1.83393842593	0	-0.164836651577	0.69489960959
5.8	1.0346595	-0.100803888889	2.41100416667	-0.0174532925199	-0.126051557088	1.5136960488
5.85	1.033459	0.0420175	2.49797160494	-0.0174532925199	0	2.00389654859
5.9	1.039633	0.169785	2.09309398148	-0.0174532925199	0.126051557088	1.5136960488
5.95	1.0518095	0.264491111111	1.34431651235	0	0.164836651577	0.69489960959
6	1.0679305	0.312320555556	0.387410030864	0	0.174532925199	0.188538653765
6.05	1.085252	0.305651111111	-0.624545833333	0.0174532925199	0.174532925199	-0.150830923012
6.1	1.100687	0.245245	-1.52095092593	0.0174532925199	0.164836651577	-0.544068686578
6.15	1.1114915	0.142535555556	-2.14655540123	0.0349065850399	0.135747830711	-1.19048692806
6.2	1.1159505	0.0151491666667	-2.39496574074	0.0349065850399	0.0290888208666	-1.5136960488
6.25	1.113035	-0.113666388889	-2.23151141975	0.0349065850399	-0.0290888208666	-1.5136960488
6.3	1.103774	-0.222664166667	-1.6977970679	0.0349065850399	-0.135747830711	-1.19048692806
6.35	1.089368	-0.295742222222	-0.863269598765	0.0174532925199	-0.164836651577	-0.544068686578
6.4	1.0720465	-0.316322222222	0.142122685185	0.0174532925199	-0.174532925199	-0.150830923012
6.45	1.055411	-0.2804025	1.12194876543	0	-0.174532925199	0.188538653765
6.5	1.042034	-0.195605277778	1.89687469136	0	-0.164836651577	0.69489960959
6.55	1.034488	-0.0770797222222	2.3366345679	-0.0174532925199	-0.126051557088	1.5136960488
6.6	1.033802	0.0544036111111	2.37400462963	-0.0174532925199	0	2.00389654859
6.65	1.040319	0.176549722222	2.01041404321	-0.0174532925199	0.126051557088	1.5136960488
6.7	1.052667	0.268683333333	1.31933256173	0	0.164836651577	0.69489960959
6.75	1.0689595	0.317275	0.411970524691	0	0.174532925199	0.183151835086
6.8	1.086624	0.311558333333	-0.547370833333	0.0174532925199	0.174532925199	-0.183151835086
6.85	1.1018875	0.259727222222	-1.43382469136	0.0174532925199	0.164836651577	-0.69489960959
6.9	1.1145785	0.160543055556	-2.12098919753	0.0349065850399	0.126051557088	-1.5136960488
6.95	1.1190375	0.0336330555556	-2.45885478395	0.0349065850399	0	-1.99850972991
7	1.1183515	-0.102137777778	-2.37469274691	0.0349065850399	-0.126051557088	-1.48137513672
7.05	1.1084045	-0.224569722222	-1.81096589506	0.0174532925199	-0.164836651577	-0.549455505257
7.1	1.0936555	-0.297361944444	-0.91064382716	0.0174532925199	-0.164836651577	0.102349554901
7.15	1.0765055	-0.317179722222	0.0698703703704	0	-0.145444104333	0.490200499789
7.2	1.060213	-0.289739722222	1.03281111111	0	-0.0775701889775	0.220859565839
7.25	1.0452925	-0.20923	1.85744027778	0	-0.135747830711	0.210085928481
7.3	1.0377465	-0.0909902777778	2.36172438272	-0.0174532925199	-0.116355283466	1.19048692806
7.35	1.035517	0.0438277777778	2.44678626543	-0.0174532925199	0	1.85306562557
7.4	1.0422055	0.174263055556	2.04667253086	-0.0174532925199	0.126051557088	1.48137513672
7.45	1.054725	0.264395833333	1.27026450617	0	0.164836651577	0.689512790911
7.5	1.0706745	0.306318055556	0.339506481481	0	0.174532925199	0.183151835086
7.55	1.08731	0.297743055556	-0.602631944444	0.0174532925199	0.174532925199	-0.183151835086
7.6	1.102059	0.245245	-1.49416728395	0.0174532925199	0.164836651577	-0.69489960959
7.65	1.114064	0.141868611111	-2.19239459877	0.0349065850399	0.126051557088	-1.5136960488
7.7	1.1176655	0.00676472222222	-2.44773904321	0.0349065850399	0	-1.99850972991
7.75	1.114407	-0.123575277778	-2.21938996914	0.0349065850399	-0.126051557088	-1.48137513672
7.8	1.1042885	-0.229714722222	-1.62215709877	0.0174532925199	-0.164836651577	-0.549455505257
7.85	1.089711	-0.294313055556	-0.791864197531	0.0174532925199	-0.164836651577	0.102349554901
7.9	1.0730755	-0.312796944444	0.151385802469	0	-0.145444104333	0.490200499789
7.95	1.0566115	-0.282689166667	1.14502716049	0	-0.0775701889775	0.220859565839
8	1.0422055	-0.193509166667	1.99252299383	0	-0.135747830711	0.210085928481
8.05	1.035517	-0.0643125	2.41116296296	-0.0174532925199	-0.116355283466	1.19048692806
8.1	1.03586	0.0677425	2.35558425926	-0.0174532925199	0	1.85306562557
8.15	1.0428915	0.18522	1.93445648148	-0.0174532925199	0.126051557088	1.48137513672
8.2	1.0555825	0.272303888889	1.22966558642	0	0.164836651577	0.689512790911
8.25	1.0720465	0.314130833333	0.348716666667	0	0.174532925199	0.183151835086
8.3	1.0885105	0.31213	-0.65683441358	0.0174532925199	0.174532925199	-0.183151835086
8.35	1.1053175	0.255725555556	-1.74395385802	0.0174532925199	0.164836651577	-0.69489960959
8.4	1.1176655	0.125480833333	-2.512475	0.0349065850399	0.126051557088	-1.5136960488
8.45	1.1190375	-0.0309652777778	-2.53941743827	0.0349065850399	0	-1.99850972991
8.5	1.1125205	-0.151682222222	-2.01819506173	0.0349065850399	-0.126051557088	-1.48137513672
8.55	1.102402	-0.23667	-1.30440570988	0.0174532925199	-0.164836651577	-0.549455505257
8.6	1.0878245	-0.287167222222	-0.464373302469	0.0174532925199	-0.164836651577	0.102349554901
8.65	1.071532	-0.287738888889	0.433619753086	0	-0.145444104333	0.490200499789
8.7	1.05644	-0.232763611111	1.12507175926	0	-0.0775701889775	0.220859565839
8.75	1.048208	-0.163973055556	1.58806882716	0	-0.135747830711	0.210085928481
8.8	1.039633	-0.07889	2.05191280864	-0.0174532925199	-0.116355283466	1.19048692806
8.85	1.037918	0.049735	2.27195154321	-0.0174532925199	0	1.85306562557
8.9	1.044778	0.1740725	1.95472947531	-0.0174532925199	0.126051557088	1.48137513672
8.95	1.057126	0.261823333333	1.24369259259	0	0.164836651577	0.689512790911
9	1.072904	0.3026975	0.365813734568	0	0.174532925199	0.183151835086
9.05	1.0888535	0.3009825	-0.588287345679	0.0174532925199	0.174532925199	-0.183151835086
9.1	1.1049745	0.248389166667	-1.58028780864	0.0174532925199	0.164836651577	-0.69489960959
9.15	1.1166365	0.132817222222	-2.30619861111	0.0349065850399	0.126051557088	-1.5136960488
9.2	1.1193805	-0.00905138888889	-2.44900941358	0.0349065850399	0	-1.99850972991
9.25	1.11475	-0.133960555556	-2.07853765432	0.0349065850399	-0.126051557088	-1.48137513672
9.3	1.1046315	-0.226665833333	-1.43096635802	0.0174532925199	-0.164836651577	-0.549455505257
9.35	1.0905685	-0.281069444444	-0.657469598765	0.0174532925199	-0.164836651577	0.10773637358
9.4	1.0747905	-0.292788611111	0.152338580247	0	-0.145444104333	0.522521411862
9.45	1.0600415	-0.267730555556	0.995917438272	0	-0.0775701889775	0.366303670172
9.5	1.04615	-0.196081666667	1.83891404321	0	-0.126051557088	0.500974137147
9.55	1.037918	-0.0715536111111	2.3794566358	-0.0174532925199	-0.0872664625997	1.52985650483
9.6	1.0384325	0.0670755555556	2.3708287037	-0.0174532925199	0.0872664625997	1.52985650483
9.65	1.045807	0.183790833333	1.91164274691	0	0.126051557088	0.500974137147
9.7	1.058155	0.267254166667	1.16662345679	0	0.0775701889775	0.366303670172
9.75	1.0737615	0.311653611111	0.169679135802	0	0.145444104333	0.530062958013
9.8	1.0919405	0.293646111111	-0.95440279321	0.0174532925199	0.164836651577	0.159988514766
9.85	1.106861	0.197891944444	-1.67456516975	0.0174532925199	0.164836651577	-0.311896801514
9.9	1.1121775	0.0926671666667	-1.72105013889	0.0349065850399	0.13962634016	-0.883976945223
9.95	1.114407	0.0134818055556	-1.49932287037	0.0349065850399	0.0533295049221	-1.04558150559
10	1.110291	-0.0436372222222	-1.29390398148	0.0349065850399	0.0193925472444	-0.901753446864
