0.000000E+0	-9.369350E+1
3.125000E+1	-9.598650E+1
6.250000E+1	-1.028890E+2
9.375000E+1	-1.099970E+2
1.250000E+2	-1.102270E+2
1.562500E+2	-1.113970E+2
1.875000E+2	-1.175760E+2
2.187500E+2	-1.155770E+2
2.500000E+2	-1.150240E+2
2.812500E+2	-1.227680E+2
3.125000E+2	-1.219910E+2
3.437500E+2	-1.277420E+2
3.750000E+2	-1.252720E+2
4.062500E+2	-1.184110E+2
4.375000E+2	-1.240850E+2
4.687500E+2	-1.255600E+2
5.000000E+2	-1.268600E+2
5.312500E+2	-1.162180E+2
5.625000E+2	-1.136130E+2
5.937500E+2	-1.122730E+2
6.250000E+2	-1.090270E+2
6.562500E+2	-1.147950E+2
6.875000E+2	-1.160410E+2
7.187500E+2	-1.119080E+2
7.500000E+2	-1.210860E+2
7.812500E+2	-1.230440E+2
8.125000E+2	-1.194280E+2
8.437500E+2	-1.126020E+2
8.750000E+2	-1.153060E+2
9.062500E+2	-1.231670E+2
9.375000E+2	-1.211570E+2
9.687500E+2	-1.359730E+2
1.000000E+3	-1.244550E+2
1.031250E+3	-1.232970E+2
1.062500E+3	-1.220910E+2
1.093750E+3	-1.219560E+2
1.125000E+3	-1.163000E+2
1.156250E+3	-1.169060E+2
1.187500E+3	-1.308700E+2
1.218750E+3	-1.263310E+2
1.250000E+3	-1.292290E+2
1.281250E+3	-1.237960E+2
1.312500E+3	-1.225090E+2
1.343750E+3	-1.200920E+2
1.375000E+3	-1.196750E+2
1.406250E+3	-1.215980E+2
1.437500E+3	-1.227090E+2
1.468750E+3	-1.156120E+2
1.500000E+3	-1.128430E+2
1.531250E+3	-1.161300E+2
1.562500E+3	-1.405530E+2
1.593750E+3	-1.273770E+2
1.625000E+3	-1.210210E+2
1.656250E+3	-1.202860E+2
1.687500E+3	-1.204100E+2
1.718750E+3	-1.159300E+2
1.750000E+3	-1.162590E+2
1.781250E+3	-1.181050E+2
1.812500E+3	-1.146240E+2
1.843750E+3	-1.158120E+2
1.875000E+3	-1.148010E+2
1.906250E+3	-1.149070E+2
1.937500E+3	-1.197100E+2
1.968750E+3	-1.175760E+2
2.000000E+3	-1.178700E+2
2.031250E+3	-1.157060E+2
2.062500E+3	-1.203920E+2
2.093750E+3	-1.199920E+2
2.125000E+3	-1.240790E+2
2.156250E+3	-1.247310E+2
2.187500E+3	-1.272830E+2
2.218750E+3	-1.124900E+2
2.250000E+3	-1.145130E+2
2.281250E+3	-1.126370E+2
2.312500E+3	-1.342270E+2
2.343750E+3	-1.263130E+2
2.375000E+3	-1.111500E+2
2.406250E+3	-1.141190E+2
2.437500E+3	-1.144250E+2
2.468750E+3	-1.158770E+2
2.500000E+3	-1.229320E+2
2.531250E+3	-1.157650E+2
2.562500E+3	-1.102850E+2
2.593750E+3	-1.117550E+2
2.625000E+3	-1.202340E+2
2.656250E+3	-1.152180E+2
2.687500E+3	-1.140130E+2
2.718750E+3	-1.251370E+2
2.750000E+3	-1.342620E+2
2.781250E+3	-1.166590E+2
2.812500E+3	-1.159830E+2
2.843750E+3	-1.256190E+2
2.875000E+3	-1.252600E+2
2.906250E+3	-1.206040E+2
2.937500E+3	-1.310400E+2
2.968750E+3	-1.312460E+2
3.000000E+3	-1.337270E+2
3.031250E+3	-1.219680E+2
3.062500E+3	-1.130550E+2
3.093750E+3	-1.203750E+2
3.125000E+3	-1.213150E+2
3.156250E+3	-1.160650E+2
3.187500E+3	-1.148600E+2
3.218750E+3	-1.210920E+2
3.250000E+3	-1.215680E+2
3.281250E+3	-1.116380E+2
3.312500E+3	-1.124780E+2
3.343750E+3	-1.151770E+2
3.375000E+3	-1.343440E+2
3.406250E+3	-1.297990E+2
3.437500E+3	-1.156950E+2
3.468750E+3	-1.127670E+2
3.500000E+3	-1.218740E+2
3.531250E+3	-1.245370E+2
3.562500E+3	-1.450100E+2
3.593750E+3	-1.258010E+2
3.625000E+3	-1.158000E+2
3.656250E+3	-1.154010E+2
3.687500E+3	-1.154480E+2
3.718750E+3	-1.183110E+2
3.750000E+3	-1.252960E+2
3.781250E+3	-1.353610E+2
3.812500E+3	-1.234320E+2
3.843750E+3	-1.231030E+2
3.875000E+3	-1.185870E+2
3.906250E+3	-1.172700E+2
3.937500E+3	-1.152420E+2
3.968750E+3	-1.128610E+2
4.000000E+3	-1.120610E+2
4.031250E+3	-1.156180E+2
4.062500E+3	-1.133430E+2
4.093750E+3	-1.179050E+2
4.125000E+3	-1.302640E+2
4.156250E+3	-1.215210E+2
4.187500E+3	-1.280890E+2
4.218750E+3	-1.178640E+2
4.250000E+3	-1.128310E+2
4.281250E+3	-1.138720E+2
4.312500E+3	-1.164410E+2
4.343750E+3	-1.288350E+2
4.375000E+3	-1.247020E+2
4.406250E+3	-1.227910E+2
4.437500E+3	-1.280410E+2
4.468750E+3	-1.208680E+2
4.500000E+3	-1.165760E+2
4.531250E+3	-1.137950E+2
4.562500E+3	-1.179880E+2
4.593750E+3	-1.224270E+2
4.625000E+3	-1.233080E+2
4.656250E+3	-1.292820E+2
4.687500E+3	-1.204980E+2
4.718750E+3	-1.257370E+2
4.750000E+3	-1.203330E+2
4.781250E+3	-1.224320E+2
4.812500E+3	-1.162180E+2
4.843750E+3	-1.192100E+2
4.875000E+3	-1.270770E+2
4.906250E+3	-1.224210E+2
4.937500E+3	-1.251720E+2
4.968750E+3	-1.197510E+2
5.000000E+3	-1.177880E+2
5.031250E+3	-1.176050E+2
5.062500E+3	-1.250660E+2
5.093750E+3	-1.203160E+2
5.125000E+3	-1.242020E+2
5.156250E+3	-1.269070E+2
5.187500E+3	-1.190220E+2
5.218750E+3	-1.161180E+2
5.250000E+3	-1.155890E+2
5.281250E+3	-1.153890E+2
5.312500E+3	-9.161210E+1
5.343750E+3	-7.279190E+1
5.375000E+3	-6.368450E+1
5.406250E+3	-6.173840E+1
5.437500E+3	-6.647730E+1
5.468750E+3	-7.913580E+1
5.500000E+3	-1.048350E+2
5.531250E+3	-1.170170E+2
5.562500E+3	-1.214680E+2
5.593750E+3	-1.349440E+2
5.625000E+3	-1.243370E+2
5.656250E+3	-1.205690E+2
5.687500E+3	-1.185110E+2
5.718750E+3	-1.331630E+2
5.750000E+3	-1.244260E+2
5.781250E+3	-1.159770E+2
5.812500E+3	-1.183400E+2
5.843750E+3	-1.195990E+2
5.875000E+3	-1.172000E+2
5.906250E+3	-1.237790E+2
5.937500E+3	-1.209330E+2
5.968750E+3	-1.179580E+2
6.000000E+3	-1.141010E+2
6.031250E+3	-1.145010E+2
6.062500E+3	-1.216860E+2
6.093750E+3	-1.239790E+2
6.125000E+3	-1.195990E+2
6.156250E+3	-1.173230E+2
6.187500E+3	-1.225850E+2
6.218750E+3	-1.166760E+2
6.250000E+3	-1.147770E+2
6.281250E+3	-1.135250E+2
6.312500E+3	-1.140420E+2
6.343750E+3	-1.185520E+2
6.375000E+3	-1.203510E+2
6.406250E+3	-1.193340E+2
6.437500E+3	-1.305930E+2
6.468750E+3	-1.247900E+2
6.500000E+3	-1.185400E+2
6.531250E+3	-1.225740E+2
6.562500E+3	-1.307170E+2
6.593750E+3	-1.231200E+2
6.625000E+3	-1.246960E+2
6.656250E+3	-1.176470E+2
6.687500E+3	-1.159410E+2
6.718750E+3	-1.154010E+2
6.750000E+3	-1.268240E+2
6.781250E+3	-1.154360E+2
6.812500E+3	-1.171110E+2
6.843750E+3	-1.170470E+2
6.875000E+3	-1.196750E+2
6.906250E+3	-1.133900E+2
6.937500E+3	-1.169060E+2
6.968750E+3	-1.293290E+2
7.000000E+3	-1.216270E+2
7.031250E+3	-1.208210E+2
7.062500E+3	-1.261720E+2
7.093750E+3	-1.196280E+2
7.125000E+3	-1.210510E+2
7.156250E+3	-1.184460E+2
7.187500E+3	-1.180870E+2
7.218750E+3	-1.190340E+2
7.250000E+3	-1.090210E+2
7.281250E+3	-1.092090E+2
7.312500E+3	-1.183990E+2
7.343750E+3	-1.144770E+2
7.375000E+3	-1.188280E+2
7.406250E+3	-1.183810E+2
7.437500E+3	-1.167350E+2
7.468750E+3	-1.273070E+2
7.500000E+3	-1.176700E+2
7.531250E+3	-1.197980E+2
7.562500E+3	-1.318280E+2
7.593750E+3	-1.184990E+2
7.625000E+3	-1.197340E+2
7.656250E+3	-1.254370E+2
7.687500E+3	-1.175640E+2
7.718750E+3	-1.122790E+2
7.750000E+3	-1.122430E+2
7.781250E+3	-1.140130E+2
7.812500E+3	-1.178110E+2
7.843750E+3	-1.145130E+2
7.875000E+3	-1.194990E+2
7.906250E+3	-1.146010E+2
7.937500E+3	-1.117960E+2
7.968750E+3	-1.302640E+2
8.000000E+3	-1.246610E+2
8.031250E+3	-1.281360E+2
8.062500E+3	-1.330630E+2
8.093750E+3	-1.125080E+2
8.125000E+3	-1.119490E+2
8.156250E+3	-1.123550E+2
8.187500E+3	-1.221210E+2
8.218750E+3	-1.177700E+2
8.250000E+3	-1.266360E+2
8.281250E+3	-1.133130E+2
8.312500E+3	-1.207630E+2
8.343750E+3	-1.266600E+2
8.375000E+3	-1.301990E+2
8.406250E+3	-1.334860E+2
8.437500E+3	-1.225560E+2
8.468750E+3	-1.140310E+2
8.500000E+3	-1.144420E+2
8.531250E+3	-1.125370E+2
8.562500E+3	-1.117730E+2
8.593750E+3	-1.169060E+2
8.625000E+3	-1.169230E+2
8.656250E+3	-1.259010E+2
8.687500E+3	-1.178290E+2
8.718750E+3	-1.202630E+2
8.750000E+3	-1.244200E+2
8.781250E+3	-1.137010E+2
8.812500E+3	-1.176410E+2
8.843750E+3	-1.283530E+2
8.875000E+3	-1.160830E+2
8.906250E+3	-1.125370E+2
8.937500E+3	-1.201390E+2
8.968750E+3	-1.172530E+2
9.000000E+3	-1.190050E+2
9.031250E+3	-1.123670E+2
9.062500E+3	-1.138720E+2
9.093750E+3	-1.207330E+2
9.125000E+3	-1.232560E+2
9.156250E+3	-1.199280E+2
9.187500E+3	-1.243790E+2
9.218750E+3	-1.171230E+2
9.250000E+3	-1.236550E+2
9.281250E+3	-1.115200E+2
9.312500E+3	-1.119380E+2
9.343750E+3	-1.175290E+2
9.375000E+3	-1.359910E+2
9.406250E+3	-1.388830E+2
9.437500E+3	-1.202040E+2
9.468750E+3	-1.308110E+2
9.500000E+3	-1.267130E+2
9.531250E+3	-1.234030E+2
9.562500E+3	-1.252490E+2
9.593750E+3	-1.166000E+2
9.625000E+3	-1.179880E+2
9.656250E+3	-1.346790E+2
9.687500E+3	-1.232910E+2
9.718750E+3	-1.193280E+2
9.750000E+3	-1.210450E+2
9.781250E+3	-1.132310E+2
9.812500E+3	-1.152480E+2
9.843750E+3	-1.132960E+2
9.875000E+3	-1.125550E+2
9.906250E+3	-1.187930E+2
9.937500E+3	-1.426460E+2
9.968750E+3	-1.247020E+2
1.000000E+4	-1.162650E+2
1.003130E+4	-1.155770E+2
1.006250E+4	-1.173820E+2
1.009380E+4	-1.153480E+2
1.012500E+4	-1.155120E+2
1.015630E+4	-1.186230E+2
1.018750E+4	-1.205160E+2
1.021880E+4	-1.194100E+2
1.025000E+4	-1.207210E+2
1.028130E+4	-1.189110E+2
1.031250E+4	-1.214620E+2
1.034380E+4	-1.229090E+2
1.037500E+4	-1.174290E+2
1.040630E+4	-1.203570E+2
1.043750E+4	-1.194630E+2
1.046880E+4	-1.185750E+2
1.050000E+4	-1.242730E+2
1.053130E+4	-1.197220E+2
1.056250E+4	-1.227260E+2
1.059380E+4	-1.237200E+2
1.062500E+4	-1.196930E+2
1.065630E+4	-1.155120E+2
1.068750E+4	-1.123490E+2
1.071880E+4	-8.536220E+1
1.075000E+4	-6.886440E+1
1.078130E+4	-6.130920E+1
1.081250E+4	-6.067420E+1
1.084380E+4	-6.685950E+1
1.087500E+4	-8.137010E+1
1.090630E+4	-1.115910E+2
1.093750E+4	-1.162470E+2
1.096880E+4	-1.198570E+2
1.100000E+4	-1.212920E+2
1.103130E+4	-1.132430E+2
1.106250E+4	-1.195220E+2
1.109380E+4	-1.183050E+2
1.112500E+4	-1.180460E+2
1.115630E+4	-1.193400E+2
1.118750E+4	-1.233440E+2
1.121880E+4	-1.251550E+2
1.125000E+4	-1.258310E+2
1.128130E+4	-1.184760E+2
1.131250E+4	-1.162770E+2
1.134380E+4	-1.191400E+2
1.137500E+4	-1.190110E+2
1.140630E+4	-1.224150E+2
1.143750E+4	-1.149240E+2
1.146880E+4	-1.158710E+2
1.150000E+4	-1.288410E+2
1.153130E+4	-1.194340E+2
1.156250E+4	-1.174700E+2
1.159380E+4	-1.165530E+2
1.162500E+4	-1.219030E+2
1.165630E+4	-1.232260E+2
1.168750E+4	-1.288820E+2
1.171880E+4	-1.336090E+2
1.175000E+4	-1.285290E+2
1.178130E+4	-1.204690E+2
1.181250E+4	-1.218920E+2
1.184380E+4	-1.266600E+2
1.187500E+4	-1.214040E+2
1.190630E+4	-1.247080E+2
1.193750E+4	-1.209570E+2
1.196880E+4	-1.233850E+2
1.200000E+4	-1.354970E+2
1.203130E+4	-1.316100E+2
1.206250E+4	-1.244550E+2
1.209380E+4	-1.262950E+2
1.212500E+4	-1.255540E+2
1.215630E+4	-1.252310E+2
1.218750E+4	-1.242730E+2
1.221880E+4	-1.289180E+2
1.225000E+4	-1.218800E+2
1.228130E+4	-1.183110E+2
1.231250E+4	-1.185460E+2
1.234380E+4	-1.138010E+2
1.237500E+4	-1.139780E+2
1.240630E+4	-1.199040E+2
1.243750E+4	-1.180640E+2
1.246880E+4	-1.198570E+2
