0.000000E+0	-9.652740E+1
3.125000E+1	-9.973760E+1
6.250000E+1	-1.081980E+2
9.375000E+1	-1.147710E+2
1.250000E+2	-1.187460E+2
1.562500E+2	-1.206270E+2
1.875000E+2	-1.208920E+2
2.187500E+2	-1.208330E+2
2.500000E+2	-1.203450E+2
2.812500E+2	-1.155420E+2
3.125000E+2	-1.165180E+2
3.437500E+2	-1.215680E+2
3.750000E+2	-1.231910E+2
4.062500E+2	-1.168700E+2
4.375000E+2	-1.232140E+2
4.687500E+2	-1.148950E+2
5.000000E+2	-1.225790E+2
5.312500E+2	-1.285880E+2
5.625000E+2	-1.172410E+2
5.937500E+2	-1.258250E+2
6.250000E+2	-1.229790E+2
6.562500E+2	-1.329210E+2
6.875000E+2	-1.201920E+2
7.187500E+2	-1.263830E+2
7.500000E+2	-1.184520E+2
7.812500E+2	-1.249370E+2
8.125000E+2	-1.197100E+2
8.437500E+2	-1.165240E+2
8.750000E+2	-1.211100E+2
9.062500E+2	-1.265480E+2
9.375000E+2	-1.173940E+2
9.687500E+2	-1.119380E+2
1.000000E+3	-1.101740E+2
1.031250E+3	-1.118730E+2
1.062500E+3	-1.185580E+2
1.093750E+3	-1.189750E+2
1.125000E+3	-1.166820E+2
1.156250E+3	-1.178290E+2
1.187500E+3	-1.154010E+2
1.218750E+3	-1.180760E+2
1.250000E+3	-1.303050E+2
1.281250E+3	-1.216970E+2
1.312500E+3	-1.186750E+2
1.343750E+3	-1.139720E+2
1.375000E+3	-1.177820E+2
1.406250E+3	-1.168230E+2
1.437500E+3	-1.229970E+2
1.468750E+3	-1.194870E+2
1.500000E+3	-1.199160E+2
1.531250E+3	-1.150420E+2
1.562500E+3	-1.131720E+2
1.593750E+3	-1.126900E+2
1.625000E+3	-1.118080E+2
1.656250E+3	-1.256010E+2
1.687500E+3	-1.262540E+2
1.718750E+3	-1.227260E+2
1.750000E+3	-1.158120E+2
1.781250E+3	-1.166410E+2
1.812500E+3	-1.190810E+2
1.843750E+3	-1.244780E+2
1.875000E+3	-1.253550E+2
1.906250E+3	-1.214330E+2
1.937500E+3	-1.140600E+2
1.968750E+3	-1.120610E+2
2.000000E+3	-1.129250E+2
2.031250E+3	-1.207980E+2
2.062500E+3	-1.257600E+2
2.093750E+3	-1.243840E+2
2.125000E+3	-1.208680E+2
2.156250E+3	-1.167940E+2
2.187500E+3	-1.177170E+2
2.218750E+3	-1.165880E+2
2.250000E+3	-1.216970E+2
2.281250E+3	-1.236730E+2
2.312500E+3	-1.128900E+2
2.343750E+3	-1.182640E+2
2.375000E+3	-1.180700E+2
2.406250E+3	-1.226380E+2
2.437500E+3	-1.174940E+2
2.468750E+3	-1.136840E+2
2.500000E+3	-1.158770E+2
2.531250E+3	-1.215390E+2
2.562500E+3	-1.215980E+2
2.593750E+3	-1.127780E+2
2.625000E+3	-9.183560E+1
2.656250E+3	-7.788350E+1
2.687500E+3	-7.177470E+1
2.718750E+3	-7.244500E+1
2.750000E+3	-8.008830E+1
2.781250E+3	-9.609230E+1
2.812500E+3	-1.134600E+2
2.843750E+3	-1.174290E+2
2.875000E+3	-1.166290E+2
2.906250E+3	-1.216740E+2
2.937500E+3	-1.222850E+2
2.968750E+3	-1.256010E+2
3.000000E+3	-1.226970E+2
3.031250E+3	-1.250610E+2
3.062500E+3	-1.171060E+2
3.093750E+3	-1.215390E+2
3.125000E+3	-1.178820E+2
3.156250E+3	-1.175350E+2
3.187500E+3	-1.147710E+2
3.218750E+3	-1.151950E+2
3.250000E+3	-1.162530E+2
3.281250E+3	-1.191690E+2
3.312500E+3	-1.325040E+2
3.343750E+3	-1.163770E+2
3.375000E+3	-1.277360E+2
3.406250E+3	-1.175760E+2
3.437500E+3	-1.236140E+2
3.468750E+3	-1.154120E+2
3.500000E+3	-1.167700E+2
3.531250E+3	-1.172760E+2
3.562500E+3	-1.139250E+2
3.593750E+3	-1.152010E+2
3.625000E+3	-1.241790E+2
3.656250E+3	-1.141360E+2
3.687500E+3	-1.222270E+2
3.718750E+3	-1.245260E+2
3.750000E+3	-1.240200E+2
3.781250E+3	-1.249900E+2
3.812500E+3	-1.246430E+2
3.843750E+3	-1.209630E+2
3.875000E+3	-1.208980E+2
3.906250E+3	-1.224320E+2
3.937500E+3	-1.272300E+2
3.968750E+3	-1.204860E+2
4.000000E+3	-1.229730E+2
4.031250E+3	-1.214860E+2
4.062500E+3	-1.196570E+2
4.093750E+3	-1.215620E+2
4.125000E+3	-1.195460E+2
4.156250E+3	-1.222500E+2
4.187500E+3	-1.206920E+2
4.218750E+3	-1.172640E+2
4.250000E+3	-1.147890E+2
4.281250E+3	-1.152890E+2
4.312500E+3	-1.166060E+2
4.343750E+3	-1.215210E+2
4.375000E+3	-1.290120E+2
4.406250E+3	-1.183290E+2
4.437500E+3	-1.220270E+2
4.468750E+3	-1.292700E+2
4.500000E+3	-1.197980E+2
4.531250E+3	-1.173060E+2
4.562500E+3	-1.204160E+2
4.593750E+3	-1.213330E+2
4.625000E+3	-1.230850E+2
4.656250E+3	-1.255490E+2
4.687500E+3	-1.218330E+2
4.718750E+3	-1.261600E+2
4.750000E+3	-1.231970E+2
4.781250E+3	-1.287650E+2
4.812500E+3	-1.204800E+2
4.843750E+3	-1.201690E+2
4.875000E+3	-1.169230E+2
4.906250E+3	-1.266360E+2
4.937500E+3	-1.278530E+2
4.968750E+3	-1.404710E+2
5.000000E+3	-1.237850E+2
5.031250E+3	-1.219620E+2
5.062500E+3	-1.206100E+2
5.093750E+3	-1.139950E+2
5.125000E+3	-1.157120E+2
5.156250E+3	-1.231440E+2
5.187500E+3	-1.230620E+2
5.218750E+3	-1.202630E+2
5.250000E+3	-1.267710E+2
5.281250E+3	-1.272010E+2
5.312500E+3	-9.195310E+1
5.343750E+3	-7.249200E+1
5.375000E+3	-6.331410E+1
5.406250E+3	-6.135040E+1
5.437500E+3	-6.604810E+1
5.468750E+3	-7.860670E+1
5.500000E+3	-1.041650E+2
5.531250E+3	-1.156950E+2
5.562500E+3	-1.153950E+2
5.593750E+3	-1.166590E+2
5.625000E+3	-1.174230E+2
5.656250E+3	-1.165060E+2
5.687500E+3	-1.175520E+2
5.718750E+3	-1.154240E+2
5.750000E+3	-1.210040E+2
5.781250E+3	-1.318220E+2
5.812500E+3	-1.215620E+2
5.843750E+3	-1.170880E+2
5.875000E+3	-1.258370E+2
5.906250E+3	-1.247200E+2
5.937500E+3	-1.223440E+2
5.968750E+3	-1.232850E+2
6.000000E+3	-1.528000E+2
6.031250E+3	-1.198280E+2
6.062500E+3	-1.251960E+2
6.093750E+3	-1.227500E+2
6.125000E+3	-1.156530E+2
6.156250E+3	-1.187990E+2
6.187500E+3	-1.124730E+2
6.218750E+3	-1.129660E+2
6.250000E+3	-1.188990E+2
6.281250E+3	-1.214860E+2
6.312500E+3	-1.232090E+2
6.343750E+3	-1.184460E+2
6.375000E+3	-1.140950E+2
6.406250E+3	-1.184340E+2
6.437500E+3	-1.314870E+2
6.468750E+3	-1.227560E+2
6.500000E+3	-1.208920E+2
6.531250E+3	-1.131370E+2
6.562500E+3	-1.091390E+2
6.593750E+3	-1.200220E+2
6.625000E+3	-1.160240E+2
6.656250E+3	-1.159470E+2
6.687500E+3	-1.138480E+2
6.718750E+3	-1.415060E+2
6.750000E+3	-1.228150E+2
6.781250E+3	-1.203980E+2
6.812500E+3	-1.210860E+2
6.843750E+3	-1.191160E+2
6.875000E+3	-1.212620E+2
6.906250E+3	-1.387070E+2
6.937500E+3	-1.200810E+2
6.968750E+3	-1.250960E+2
7.000000E+3	-1.164290E+2
7.031250E+3	-1.274120E+2
7.062500E+3	-1.228790E+2
7.093750E+3	-1.267600E+2
7.125000E+3	-1.236610E+2
7.156250E+3	-1.299880E+2
7.187500E+3	-1.256900E+2
7.218750E+3	-1.242900E+2
7.250000E+3	-1.417110E+2
7.281250E+3	-1.302290E+2
7.312500E+3	-1.129550E+2
7.343750E+3	-1.140070E+2
7.375000E+3	-1.181050E+2
7.406250E+3	-1.147010E+2
7.437500E+3	-1.165760E+2
7.468750E+3	-1.208450E+2
7.500000E+3	-1.211210E+2
7.531250E+3	-1.207860E+2
7.562500E+3	-1.227620E+2
7.593750E+3	-1.196570E+2
7.625000E+3	-1.205390E+2
7.656250E+3	-1.241490E+2
7.687500E+3	-1.137010E+2
7.718750E+3	-1.128490E+2
7.750000E+3	-1.218150E+2
7.781250E+3	-1.185520E+2
7.812500E+3	-1.325040E+2
7.843750E+3	-1.290120E+2
7.875000E+3	-1.202570E+2
7.906250E+3	-1.158770E+2
7.937500E+3	-1.151600E+2
7.968750E+3	-1.136540E+2
8.000000E+3	-1.110610E+2
8.031250E+3	-9.546320E+1
8.062500E+3	-8.308100E+1
8.093750E+3	-7.843030E+1
8.125000E+3	-8.039990E+1
8.156250E+3	-8.957190E+1
8.187500E+3	-1.108910E+2
8.218750E+3	-1.117380E+2
8.250000E+3	-1.128140E+2
8.281250E+3	-1.140840E+2
8.312500E+3	-1.109670E+2
8.343750E+3	-1.233850E+2
8.375000E+3	-1.229380E+2
8.406250E+3	-1.223320E+2
8.437500E+3	-1.244310E+2
8.468750E+3	-1.141250E+2
8.500000E+3	-1.174110E+2
8.531250E+3	-1.187990E+2
8.562500E+3	-1.275770E+2
8.593750E+3	-1.198630E+2
8.625000E+3	-1.189990E+2
8.656250E+3	-1.218440E+2
8.687500E+3	-1.187050E+2
8.718750E+3	-1.145540E+2
8.750000E+3	-1.316460E+2
8.781250E+3	-1.318630E+2
8.812500E+3	-1.215860E+2
8.843750E+3	-1.180350E+2
8.875000E+3	-1.174050E+2
8.906250E+3	-1.190630E+2
8.937500E+3	-1.192340E+2
8.968750E+3	-1.158770E+2
9.000000E+3	-1.122670E+2
9.031250E+3	-1.203630E+2
9.062500E+3	-1.182870E+2
9.093750E+3	-1.246730E+2
9.125000E+3	-1.178880E+2
9.156250E+3	-1.232090E+2
9.187500E+3	-1.200870E+2
9.218750E+3	-1.188990E+2
9.250000E+3	-1.220860E+2
9.281250E+3	-1.234850E+2
9.312500E+3	-1.260950E+2
9.343750E+3	-1.211860E+2
9.375000E+3	-1.234200E+2
9.406250E+3	-1.320920E+2
9.437500E+3	-1.213150E+2
9.468750E+3	-1.145600E+2
9.500000E+3	-1.224210E+2
9.531250E+3	-1.217270E+2
9.562500E+3	-1.147240E+2
9.593750E+3	-1.172760E+2
9.625000E+3	-1.229200E+2
9.656250E+3	-1.303110E+2
9.687500E+3	-1.242610E+2
9.718750E+3	-1.256720E+2
9.750000E+3	-1.375720E+2
9.781250E+3	-1.167760E+2
9.812500E+3	-1.267890E+2
9.843750E+3	-1.143890E+2
9.875000E+3	-1.182110E+2
9.906250E+3	-1.179990E+2
9.937500E+3	-1.206510E+2
9.968750E+3	-1.205160E+2
1.000000E+4	-1.196340E+2
1.003130E+4	-1.191340E+2
1.006250E+4	-1.158590E+2
1.009380E+4	-1.158830E+2
1.012500E+4	-1.233970E+2
1.015630E+4	-1.213210E+2
1.018750E+4	-1.211980E+2
1.021880E+4	-1.281530E+2
1.025000E+4	-1.205330E+2
1.028130E+4	-1.159770E+2
1.031250E+4	-1.262660E+2
1.034380E+4	-1.375250E+2
1.037500E+4	-1.182990E+2
1.040630E+4	-1.166000E+2
1.043750E+4	-1.186170E+2
1.046880E+4	-1.172640E+2
1.050000E+4	-1.171110E+2
1.053130E+4	-1.326270E+2
1.056250E+4	-1.284880E+2
1.059380E+4	-1.187520E+2
1.062500E+4	-1.181230E+2
1.065630E+4	-1.175110E+2
1.068750E+4	-1.118960E+2
1.071880E+4	-8.102320E+1
1.075000E+4	-6.464880E+1
1.078130E+4	-5.709950E+1
1.081250E+4	-5.647040E+1
1.084380E+4	-6.265560E+1
1.087500E+4	-7.714860E+1
1.090630E+4	-1.061110E+2
1.093750E+4	-1.403410E+2
1.096880E+4	-1.264660E+2
1.100000E+4	-1.229850E+2
1.103130E+4	-1.198160E+2
1.106250E+4	-1.248900E+2
1.109380E+4	-1.282410E+2
1.112500E+4	-1.231090E+2
1.115630E+4	-1.269070E+2
1.118750E+4	-1.215150E+2
1.121880E+4	-1.280650E+2
1.125000E+4	-1.286530E+2
1.128130E+4	-1.340210E+2
1.131250E+4	-1.215150E+2
1.134380E+4	-1.229030E+2
1.137500E+4	-1.168350E+2
1.140630E+4	-1.185930E+2
1.143750E+4	-1.204040E+2
1.146880E+4	-1.236080E+2
1.150000E+4	-1.212620E+2
1.153130E+4	-1.134490E+2
1.156250E+4	-1.174110E+2
1.159380E+4	-1.176940E+2
1.162500E+4	-1.173880E+2
1.165630E+4	-1.168820E+2
1.168750E+4	-1.257900E+2
1.171880E+4	-1.241020E+2
1.175000E+4	-1.262310E+2
1.178130E+4	-1.291000E+2
1.181250E+4	-1.283060E+2
1.184380E+4	-1.346090E+2
1.187500E+4	-1.285530E+2
1.190630E+4	-1.268010E+2
1.193750E+4	-1.275590E+2
1.196880E+4	-1.195340E+2
1.200000E+4	-1.213510E+2
1.203130E+4	-1.280650E+2
1.206250E+4	-1.248780E+2
1.209380E+4	-1.205100E+2
1.212500E+4	-1.195460E+2
1.215630E+4	-1.204750E+2
1.218750E+4	-1.229030E+2
1.221880E+4	-1.299700E+2
1.225000E+4	-1.234550E+2
1.228130E+4	-1.231200E+2
1.231250E+4	-1.272420E+2
1.234380E+4	-1.265950E+2
1.237500E+4	-1.255780E+2
1.240630E+4	-1.246550E+2
1.243750E+4	-1.217150E+2
1.246880E+4	-1.340090E+2
