0.000000E+0	-8.705180E+1
3.125000E+1	-8.990330E+1
6.250000E+1	-9.811700E+1
9.375000E+1	-1.083830E+2
1.250000E+2	-1.077480E+2
1.562500E+2	-1.118100E+2
1.875000E+2	-1.098470E+2
2.187500E+2	-1.100170E+2
2.500000E+2	-1.143910E+2
2.812500E+2	-1.131980E+2
3.125000E+2	-1.058660E+2
3.437500E+2	-1.138680E+2
3.750000E+2	-1.118100E+2
4.062500E+2	-1.140560E+2
4.375000E+2	-1.076420E+2
4.687500E+2	-1.037380E+2
5.000000E+2	-1.029910E+2
5.312500E+2	-1.065830E+2
5.625000E+2	-1.086530E+2
5.937500E+2	-1.073360E+2
6.250000E+2	-1.080940E+2
6.562500E+2	-1.083650E+2
6.875000E+2	-1.143910E+2
7.187500E+2	-1.110930E+2
7.500000E+2	-1.057250E+2
7.812500E+2	-1.093350E+2
8.125000E+2	-1.043790E+2
8.437500E+2	-1.021390E+2
8.750000E+2	-1.038140E+2
9.062500E+2	-1.077480E+2
9.375000E+2	-1.095940E+2
9.687500E+2	-1.110460E+2
1.000000E+3	-1.138860E+2
1.031250E+3	-1.062840E+2
1.062500E+3	-1.138090E+2
1.093750E+3	-1.110460E+2
1.125000E+3	-1.014800E+2
1.156250E+3	-1.035850E+2
1.187500E+3	-1.081590E+2
1.218750E+3	-1.043080E+2
1.250000E+3	-1.046020E+2
1.281250E+3	-1.096580E+2
1.312500E+3	-1.065540E+2
1.343750E+3	-9.909880E+1
1.375000E+3	-9.853440E+1
1.406250E+3	-1.046020E+2
1.437500E+3	-1.059250E+2
1.468750E+3	-1.030560E+2
1.500000E+3	-1.048080E+2
1.531250E+3	-1.143910E+2
1.562500E+3	-9.291360E+1
1.593750E+3	-9.411890E+1
1.625000E+3	-1.023500E+2
1.656250E+3	-1.094760E+2
1.687500E+3	-1.006100E+2
1.718750E+3	-9.822280E+1
1.750000E+3	-1.009510E+2
1.781250E+3	-9.867550E+1
1.812500E+3	-1.004040E+2
1.843750E+3	-9.931640E+1
1.875000E+3	-1.062190E+2
1.906250E+3	-1.078480E+2
1.937500E+3	-1.018210E+2
1.968750E+3	-1.001630E+2
2.000000E+3	-9.803460E+1
2.031250E+3	-9.919290E+1
2.062500E+3	-9.491850E+1
2.093750E+3	-1.100350E+2
2.125000E+3	-9.591220E+1
2.156250E+3	-9.113800E+1
2.187500E+3	-1.003980E+2
2.218750E+3	-8.901550E+1
2.250000E+3	-9.010910E+1
2.281250E+3	-9.630020E+1
2.312500E+3	-9.441880E+1
2.343750E+3	-8.363580E+1
2.375000E+3	-8.114870E+1
2.406250E+3	-8.633450E+1
2.437500E+3	-9.256670E+1
2.468750E+3	-8.977980E+1
2.500000E+3	-9.367210E+1
2.531250E+3	-9.608270E+1
2.562500E+3	-9.085580E+1
2.593750E+3	-9.025610E+1
2.625000E+3	-9.443050E+1
2.656250E+3	-9.527130E+1
2.687500E+3	-8.063720E+1
2.718750E+3	-8.057260E+1
2.750000E+3	-8.077250E+1
2.781250E+3	-7.906150E+1
2.812500E+3	-7.832070E+1
2.843750E+3	-8.983860E+1
2.875000E+3	-9.908710E+1
2.906250E+3	-8.117230E+1
2.937500E+3	-1.002810E+2
2.968750E+3	-8.521150E+1
3.000000E+3	-8.350640E+1
3.031250E+3	-8.024330E+1
3.062500E+3	-8.047850E+1
3.093750E+3	-8.278320E+1
3.125000E+3	-8.184250E+1
3.156250E+3	-8.504100E+1
3.187500E+3	-9.353680E+1
3.218750E+3	-1.003510E+2
3.250000E+3	-1.008920E+2
3.281250E+3	-9.680580E+1
3.312500E+3	-8.759270E+1
3.343750E+3	-9.206700E+1
3.375000E+3	-9.840510E+1
3.406250E+3	-9.219040E+1
3.437500E+3	-8.973870E+1
3.468750E+3	-9.261380E+1
3.500000E+3	-9.368380E+1
3.531250E+3	-9.397780E+1
3.562500E+3	-9.808170E+1
3.593750E+3	-9.575340E+1
3.625000E+3	-9.725860E+1
3.656250E+3	-9.813460E+1
3.687500E+3	-9.155540E+1
3.718750E+3	-9.017960E+1
3.750000E+3	-9.852850E+1
3.781250E+3	-1.001220E+2
3.812500E+3	-9.651190E+1
3.843750E+3	-9.797000E+1
3.875000E+3	-8.734570E+1
3.906250E+3	-8.728690E+1
3.937500E+3	-9.501850E+1
3.968750E+3	-1.017270E+2
4.000000E+3	-1.143910E+2
4.031250E+3	-1.082940E+2
4.062500E+3	-1.036320E+2
4.093750E+3	-8.999150E+1
4.125000E+3	-9.268430E+1
4.156250E+3	-9.289600E+1
4.187500E+3	-9.670590E+1
4.218750E+3	-1.051250E+2
4.250000E+3	-9.872840E+1
4.281250E+3	-1.040910E+2
4.312500E+3	-9.426590E+1
4.343750E+3	-9.444820E+1
4.375000E+3	-9.571220E+1
4.406250E+3	-9.561230E+1
4.437500E+3	-9.482440E+1
4.468750E+3	-9.121440E+1
4.500000E+3	-9.397780E+1
4.531250E+3	-9.881660E+1
4.562500E+3	-9.316640E+1
4.593750E+3	-9.343100E+1
4.625000E+3	-1.140560E+2
4.656250E+3	-1.017740E+2
4.687500E+3	-9.405420E+1
4.718750E+3	-9.471860E+1
4.750000E+3	-9.768190E+1
4.781250E+3	-9.424830E+1
4.812500E+3	-9.477740E+1
4.843750E+3	-9.963980E+1
4.875000E+3	-9.481860E+1
4.906250E+3	-9.789350E+1
4.937500E+3	-1.080300E+2
4.968750E+3	-1.143910E+2
5.000000E+3	-1.116280E+2
5.031250E+3	-1.101760E+2
5.062500E+3	-9.975150E+1
5.093750E+3	-1.103460E+2
5.125000E+3	-1.038910E+2
5.156250E+3	-1.000690E+2
5.187500E+3	-9.987490E+1
5.218750E+3	-1.041140E+2
5.250000E+3	-1.109580E+2
5.281250E+3	-1.031320E+2
5.312500E+3	-8.977980E+1
5.343750E+3	-7.294690E+1
5.375000E+3	-6.399830E+1
5.406250E+3	-6.198160E+1
5.437500E+3	-6.672050E+1
5.468750E+3	-7.926730E+1
5.500000E+3	-9.905180E+1
5.531250E+3	-1.042670E+2
5.562500E+3	-1.121920E+2
5.593750E+3	-1.033090E+2
5.625000E+3	-1.039910E+2
5.656250E+3	-1.028560E+2
5.687500E+3	-1.102760E+2
5.718750E+3	-1.039850E+2
5.750000E+3	-1.004980E+2
5.781250E+3	-1.071650E+2
5.812500E+3	-1.029150E+2
5.843750E+3	-1.001870E+2
5.875000E+3	-9.701750E+1
5.906250E+3	-9.729970E+1
5.937500E+3	-9.775240E+1
5.968750E+3	-1.009570E+2
6.000000E+3	-1.045610E+2
6.031250E+3	-1.094820E+2
6.062500E+3	-9.744080E+1
6.093750E+3	-9.291360E+1
6.125000E+3	-9.691750E+1
6.156250E+3	-9.413070E+1
6.187500E+3	-9.693520E+1
6.218750E+3	-1.089820E+2
6.250000E+3	-9.722920E+1
6.281250E+3	-9.806990E+1
6.312500E+3	-9.661180E+1
6.343750E+3	-9.665880E+1
6.375000E+3	-9.957510E+1
6.406250E+3	-1.021800E+2
6.437500E+3	-9.771720E+1
6.468750E+3	-1.066780E+2
6.500000E+3	-1.120220E+2
6.531250E+3	-1.031670E+2
6.562500E+3	-1.065070E+2
6.593750E+3	-1.035610E+2
6.625000E+3	-1.143910E+2
6.656250E+3	-1.093350E+2
6.687500E+3	-9.937520E+1
6.718750E+3	-1.003570E+2
6.750000E+3	-9.893420E+1
6.781250E+3	-1.032030E+2
6.812500E+3	-1.031730E+2
6.843750E+3	-9.594150E+1
6.875000E+3	-9.918700E+1
6.906250E+3	-1.007570E+2
6.937500E+3	-9.391900E+1
6.968750E+3	-9.984550E+1
7.000000E+3	-1.096410E+2
7.031250E+3	-1.048080E+2
7.062500E+3	-1.067480E+2
7.093750E+3	-1.023270E+2
7.125000E+3	-9.919290E+1
7.156250E+3	-9.761720E+1
7.187500E+3	-1.002160E+2
7.218750E+3	-1.001630E+2
7.250000E+3	-1.033140E+2
7.281250E+3	-1.085410E+2
7.312500E+3	-1.024740E+2
7.343750E+3	-9.948690E+1
7.375000E+3	-9.529480E+1
7.406250E+3	-9.713510E+1
7.437500E+3	-1.089470E+2
7.468750E+3	-1.014150E+2
7.500000E+3	-1.027680E+2
7.531250E+3	-1.019970E+2
7.562500E+3	-9.412480E+1
7.593750E+3	-9.598270E+1
7.625000E+3	-9.483620E+1
7.656250E+3	-1.012800E+2
7.687500E+3	-9.435410E+1
7.718750E+3	-9.252560E+1
7.750000E+3	-9.931640E+1
7.781250E+3	-1.008330E+2
7.812500E+3	-1.057250E+2
7.843750E+3	-9.856380E+1
7.875000E+3	-9.076170E+1
7.906250E+3	-1.014150E+2
7.937500E+3	-9.584750E+1
7.968750E+3	-9.687640E+1
8.000000E+3	-8.950350E+1
8.031250E+3	-8.794540E+1
8.062500E+3	-9.168480E+1
8.093750E+3	-9.979850E+1
8.125000E+3	-1.003860E+2
8.156250E+3	-9.689400E+1
8.187500E+3	-9.058530E+1
8.218750E+3	-9.099100E+1
8.250000E+3	-9.660590E+1
8.281250E+3	-1.009210E+2
8.312500E+3	-9.883430E+1
8.343750E+3	-1.038670E+2
8.375000E+3	-1.143910E+2
8.406250E+3	-1.143910E+2
8.437500E+3	-1.043610E+2
8.468750E+3	-9.959270E+1
8.500000E+3	-9.948690E+1
8.531250E+3	-9.625320E+1
8.562500E+3	-1.056070E+2
8.593750E+3	-1.008920E+2
8.625000E+3	-9.868730E+1
8.656250E+3	-9.925760E+1
8.687500E+3	-1.028850E+2
8.718750E+3	-1.114100E+2
8.750000E+3	-1.084180E+2
8.781250E+3	-1.073360E+2
8.812500E+3	-1.084180E+2
8.843750E+3	-1.059780E+2
8.875000E+3	-1.051490E+2
8.906250E+3	-1.097820E+2
8.937500E+3	-1.069240E+2
8.968750E+3	-1.081710E+2
9.000000E+3	-1.143910E+2
9.031250E+3	-1.101930E+2
9.062500E+3	-1.070010E+2
9.093750E+3	-1.091820E+2
9.125000E+3	-1.049080E+2
9.156250E+3	-1.100350E+2
9.187500E+3	-1.076120E+2
9.218750E+3	-1.000750E+2
9.250000E+3	-1.013150E+2
9.281250E+3	-1.076710E+2
9.312500E+3	-1.060950E+2
9.343750E+3	-1.074830E+2
9.375000E+3	-1.102760E+2
9.406250E+3	-1.035140E+2
9.437500E+3	-1.096820E+2
9.468750E+3	-1.134270E+2
9.500000E+3	-1.078890E+2
9.531250E+3	-1.085590E+2
9.562500E+3	-1.095290E+2
9.593750E+3	-1.116460E+2
9.625000E+3	-1.116570E+2
9.656250E+3	-1.143910E+2
9.687500E+3	-1.143910E+2
9.718750E+3	-1.070010E+2
9.750000E+3	-1.143910E+2
9.781250E+3	-1.071130E+2
9.812500E+3	-1.143910E+2
9.843750E+3	-1.143910E+2
9.875000E+3	-1.106230E+2
9.906250E+3	-1.098470E+2
9.937500E+3	-1.083060E+2
9.968750E+3	-1.072950E+2
1.000000E+4	-1.064780E+2
1.003130E+4	-1.143910E+2
1.006250E+4	-1.143910E+2
1.009380E+4	-1.143910E+2
1.012500E+4	-1.143910E+2
1.015630E+4	-1.084180E+2
1.018750E+4	-1.143910E+2
1.021880E+4	-1.143910E+2
1.025000E+4	-1.121920E+2
1.028130E+4	-1.066780E+2
1.031250E+4	-1.143910E+2
1.034380E+4	-1.110460E+2
1.037500E+4	-1.073540E+2
1.040630E+4	-1.073540E+2
1.043750E+4	-1.100170E+2
1.046880E+4	-1.143910E+2
1.050000E+4	-1.116220E+2
1.053130E+4	-1.138560E+2
1.056250E+4	-1.143270E+2
1.059380E+4	-1.121100E+2
1.062500E+4	-1.143910E+2
1.065630E+4	-1.143910E+2
1.068750E+4	-1.030380E+2
1.071880E+4	-7.849120E+1
1.075000E+4	-6.226970E+1
1.078130E+4	-5.473220E+1
1.081250E+4	-5.409130E+1
1.084380E+4	-6.027070E+1
1.087500E+4	-7.475770E+1
1.090630E+4	-1.044550E+2
1.093750E+4	-1.143910E+2
1.096880E+4	-1.139920E+2
1.100000E+4	-1.088000E+2
1.103130E+4	-1.081890E+2
1.106250E+4	-1.067420E+2
1.109380E+4	-1.131860E+2
1.112500E+4	-1.120810E+2
1.115630E+4	-1.143910E+2
1.118750E+4	-1.143910E+2
1.121880E+4	-1.083650E+2
1.125000E+4	-1.031850E+2
1.128130E+4	-1.057130E+2
1.131250E+4	-1.058070E+2
1.134380E+4	-1.069890E+2
1.137500E+4	-1.069240E+2
1.140630E+4	-1.061190E+2
1.143750E+4	-1.143910E+2
1.146880E+4	-1.109280E+2
1.150000E+4	-1.110220E+2
1.153130E+4	-1.128510E+2
1.156250E+4	-1.062130E+2
1.159380E+4	-1.140560E+2
1.162500E+4	-1.083650E+2
1.165630E+4	-1.062190E+2
1.168750E+4	-1.081590E+2
1.171880E+4	-1.143910E+2
1.175000E+4	-1.143910E+2
1.178130E+4	-1.121100E+2
1.181250E+4	-1.114460E+2
1.184380E+4	-1.094470E+2
1.187500E+4	-1.143910E+2
1.190630E+4	-1.066070E+2
1.193750E+4	-1.101520E+2
1.196880E+4	-1.142440E+2
1.200000E+4	-1.119280E+2
1.203130E+4	-1.066420E+2
1.206250E+4	-1.116570E+2
1.209380E+4	-1.061840E+2
1.212500E+4	-1.070010E+2
1.215630E+4	-1.135090E+2
1.218750E+4	-1.143910E+2
1.221880E+4	-1.092060E+2
1.225000E+4	-1.089820E+2
1.228130E+4	-1.085410E+2
1.231250E+4	-1.054660E+2
1.234380E+4	-1.071420E+2
1.237500E+4	-1.143910E+2
1.240630E+4	-1.143910E+2
1.243750E+4	-1.120220E+2
1.246880E+4	-1.120810E+2
