0.000000E+0	-9.492230E+1
3.125000E+1	-9.791490E+1
6.250000E+1	-1.052350E+2
9.375000E+1	-1.121790E+2
1.250000E+2	-1.307340E+2
1.562500E+2	-1.152120E+2
1.875000E+2	-1.146950E+2
2.187500E+2	-1.200750E+2
2.500000E+2	-1.149300E+2
2.812500E+2	-1.125200E+2
3.125000E+2	-1.133370E+2
3.437500E+2	-1.178880E+2
3.750000E+2	-1.256780E+2
4.062500E+2	-1.238730E+2
4.375000E+2	-1.168590E+2
4.687500E+2	-1.191870E+2
5.000000E+2	-1.158530E+2
5.312500E+2	-1.180930E+2
5.625000E+2	-1.246670E+2
5.937500E+2	-1.332390E+2
6.250000E+2	-1.144250E+2
6.562500E+2	-1.227210E+2
6.875000E+2	-1.191050E+2
7.187500E+2	-1.153240E+2
7.500000E+2	-1.158470E+2
7.812500E+2	-1.212450E+2
8.125000E+2	-1.256310E+2
8.437500E+2	-1.161410E+2
8.750000E+2	-1.165240E+2
9.062500E+2	-1.194930E+2
9.375000E+2	-1.200160E+2
9.687500E+2	-1.222620E+2
1.000000E+3	-1.134430E+2
1.031250E+3	-1.202340E+2
1.062500E+3	-1.264190E+2
1.093750E+3	-1.167290E+2
1.125000E+3	-1.133310E+2
1.156250E+3	-1.191930E+2
1.187500E+3	-1.372550E+2
1.218750E+3	-1.126720E+2
1.250000E+3	-1.113140E+2
1.281250E+3	-1.213330E+2
1.312500E+3	-1.209330E+2
1.343750E+3	-1.298460E+2
1.375000E+3	-1.157240E+2
1.406250E+3	-1.169230E+2
1.437500E+3	-1.171760E+2
1.468750E+3	-1.181930E+2
1.500000E+3	-1.220860E+2
1.531250E+3	-1.169760E+2
1.562500E+3	-1.154710E+2
1.593750E+3	-1.117850E+2
1.625000E+3	-1.230090E+2
1.656250E+3	-1.178820E+2
1.687500E+3	-1.150770E+2
1.718750E+3	-1.171000E+2
1.750000E+3	-1.119790E+2
1.781250E+3	-1.103210E+2
1.812500E+3	-1.165000E+2
1.843750E+3	-1.187340E+2
1.875000E+3	-1.192990E+2
1.906250E+3	-1.320690E+2
1.937500E+3	-1.262830E+2
1.968750E+3	-1.133840E+2
2.000000E+3	-1.110670E+2
2.031250E+3	-1.122080E+2
2.062500E+3	-1.114970E+2
2.093750E+3	-1.121020E+2
2.125000E+3	-1.200160E+2
2.156250E+3	-1.233670E+2
2.187500E+3	-1.197100E+2
2.218750E+3	-1.192460E+2
2.250000E+3	-1.165940E+2
2.281250E+3	-1.201810E+2
2.312500E+3	-1.162530E+2
2.343750E+3	-1.129840E+2
2.375000E+3	-1.124840E+2
2.406250E+3	-1.106320E+2
2.437500E+3	-1.109150E+2
2.468750E+3	-1.091920E+2
2.500000E+3	-1.121080E+2
2.531250E+3	-1.137720E+2
2.562500E+3	-1.129720E+2
2.593750E+3	-1.218330E+2
2.625000E+3	-1.156000E+2
2.656250E+3	-1.143010E+2
2.687500E+3	-1.100620E+2
2.718750E+3	-1.100330E+2
2.750000E+3	-1.182050E+2
2.781250E+3	-1.154360E+2
2.812500E+3	-1.140310E+2
2.843750E+3	-1.206040E+2
2.875000E+3	-1.262600E+2
2.906250E+3	-1.258900E+2
2.937500E+3	-1.185520E+2
2.968750E+3	-1.202810E+2
3.000000E+3	-1.193100E+2
3.031250E+3	-1.226680E+2
3.062500E+3	-1.187870E+2
3.093750E+3	-1.203220E+2
3.125000E+3	-1.196220E+2
3.156250E+3	-1.234500E+2
3.187500E+3	-1.182520E+2
3.218750E+3	-1.265480E+2
3.250000E+3	-1.215390E+2
3.281250E+3	-1.172530E+2
3.312500E+3	-1.238850E+2
3.343750E+3	-1.184230E+2
3.375000E+3	-1.149070E+2
3.406250E+3	-1.206330E+2
3.437500E+3	-1.190160E+2
3.468750E+3	-1.164710E+2
3.500000E+3	-1.206570E+2
3.531250E+3	-1.203330E+2
3.562500E+3	-1.222620E+2
3.593750E+3	-1.240320E+2
3.625000E+3	-1.203980E+2
3.656250E+3	-1.170120E+2
3.687500E+3	-1.198400E+2
3.718750E+3	-1.156530E+2
3.750000E+3	-1.136370E+2
3.781250E+3	-1.162300E+2
3.812500E+3	-1.263360E+2
3.843750E+3	-1.296940E+2
3.875000E+3	-1.207450E+2
3.906250E+3	-1.294230E+2
3.937500E+3	-1.270010E+2
3.968750E+3	-1.287590E+2
4.000000E+3	-1.197340E+2
4.031250E+3	-1.296580E+2
4.062500E+3	-1.200100E+2
4.093750E+3	-1.178880E+2
4.125000E+3	-1.130550E+2
4.156250E+3	-1.161470E+2
4.187500E+3	-1.177170E+2
4.218750E+3	-1.212450E+2
4.250000E+3	-1.140420E+2
4.281250E+3	-1.151540E+2
4.312500E+3	-1.283300E+2
4.343750E+3	-1.327450E+2
4.375000E+3	-1.302400E+2
4.406250E+3	-1.189750E+2
4.437500E+3	-1.234850E+2
4.468750E+3	-1.188640E+2
4.500000E+3	-1.166650E+2
4.531250E+3	-1.173000E+2
4.562500E+3	-1.179350E+2
4.593750E+3	-1.236790E+2
4.625000E+3	-1.195400E+2
4.656250E+3	-1.166760E+2
4.687500E+3	-1.162180E+2
4.718750E+3	-1.152830E+2
4.750000E+3	-1.168590E+2
4.781250E+3	-1.171060E+2
4.812500E+3	-1.218800E+2
4.843750E+3	-1.138720E+2
4.875000E+3	-1.135250E+2
4.906250E+3	-1.184110E+2
4.937500E+3	-1.163000E+2
4.968750E+3	-1.168350E+2
5.000000E+3	-1.224500E+2
5.031250E+3	-1.243200E+2
5.062500E+3	-1.172820E+2
5.093750E+3	-1.144480E+2
5.125000E+3	-1.212680E+2
5.156250E+3	-1.267360E+2
5.187500E+3	-1.145600E+2
5.218750E+3	-1.175760E+2
5.250000E+3	-1.165710E+2
5.281250E+3	-1.165710E+2
5.312500E+3	-9.151810E+1
5.343750E+3	-7.259200E+1
5.375000E+3	-6.344350E+1
5.406250E+3	-6.146800E+1
5.437500E+3	-6.620100E+1
5.468750E+3	-7.875370E+1
5.500000E+3	-1.018660E+2
5.531250E+3	-1.109500E+2
5.562500E+3	-1.242430E+2
5.593750E+3	-1.254540E+2
5.625000E+3	-1.208860E+2
5.656250E+3	-1.171590E+2
5.687500E+3	-1.202450E+2
5.718750E+3	-1.406760E+2
5.750000E+3	-1.152010E+2
5.781250E+3	-1.273300E+2
5.812500E+3	-1.176410E+2
5.843750E+3	-1.135490E+2
5.875000E+3	-1.170120E+2
5.906250E+3	-1.215560E+2
5.937500E+3	-1.227210E+2
5.968750E+3	-1.123490E+2
6.000000E+3	-1.164350E+2
6.031250E+3	-1.225620E+2
6.062500E+3	-1.191810E+2
6.093750E+3	-1.148600E+2
6.125000E+3	-1.215680E+2
6.156250E+3	-1.198570E+2
6.187500E+3	-1.208920E+2
6.218750E+3	-1.194160E+2
6.250000E+3	-1.181290E+2
6.281250E+3	-1.155240E+2
6.312500E+3	-1.169410E+2
6.343750E+3	-1.201750E+2
6.375000E+3	-1.300820E+2
6.406250E+3	-1.308700E+2
6.437500E+3	-1.192460E+2
6.468750E+3	-1.237020E+2
6.500000E+3	-1.313520E+2
6.531250E+3	-1.290700E+2
6.562500E+3	-1.130310E+2
6.593750E+3	-1.202160E+2
6.625000E+3	-1.141010E+2
6.656250E+3	-1.123730E+2
6.687500E+3	-1.125550E+2
6.718750E+3	-1.191990E+2
6.750000E+3	-1.144250E+2
6.781250E+3	-1.460150E+2
6.812500E+3	-1.269480E+2
6.843750E+3	-1.239080E+2
6.875000E+3	-1.197980E+2
6.906250E+3	-1.221330E+2
6.937500E+3	-1.181350E+2
6.968750E+3	-1.218440E+2
7.000000E+3	-1.210210E+2
7.031250E+3	-1.168410E+2
7.062500E+3	-1.219090E+2
7.093750E+3	-1.312280E+2
7.125000E+3	-1.235910E+2
7.156250E+3	-1.181110E+2
7.187500E+3	-1.183400E+2
7.218750E+3	-1.137130E+2
7.250000E+3	-1.216620E+2
7.281250E+3	-1.226680E+2
7.312500E+3	-1.196570E+2
7.343750E+3	-1.123310E+2
7.375000E+3	-1.096030E+2
7.406250E+3	-1.113850E+2
7.437500E+3	-1.225030E+2
7.468750E+3	-1.257370E+2
7.500000E+3	-1.266890E+2
7.531250E+3	-1.186930E+2
7.562500E+3	-1.268420E+2
7.593750E+3	-1.190810E+2
7.625000E+3	-1.169230E+2
7.656250E+3	-1.108790E+2
7.687500E+3	-1.119900E+2
7.718750E+3	-1.311340E+2
7.750000E+3	-1.189220E+2
7.781250E+3	-1.224500E+2
7.812500E+3	-1.156240E+2
7.843750E+3	-1.163240E+2
7.875000E+3	-1.160940E+2
7.906250E+3	-1.177460E+2
7.937500E+3	-1.206740E+2
7.968750E+3	-1.156830E+2
8.000000E+3	-1.260420E+2
8.031250E+3	-1.222500E+2
8.062500E+3	-1.224320E+2
8.093750E+3	-1.172580E+2
8.125000E+3	-1.270540E+2
8.156250E+3	-1.217560E+2
8.187500E+3	-1.273770E+2
8.218750E+3	-1.225620E+2
8.250000E+3	-1.188280E+2
8.281250E+3	-1.220390E+2
8.312500E+3	-1.218800E+2
8.343750E+3	-1.120370E+2
8.375000E+3	-1.118260E+2
8.406250E+3	-1.207800E+2
8.437500E+3	-1.204510E+2
8.468750E+3	-1.159470E+2
8.500000E+3	-1.130020E+2
8.531250E+3	-1.111200E+2
8.562500E+3	-1.136840E+2
8.593750E+3	-1.184930E+2
8.625000E+3	-1.147360E+2
8.656250E+3	-1.157120E+2
8.687500E+3	-1.178520E+2
8.718750E+3	-1.198400E+2
8.750000E+3	-1.237260E+2
8.781250E+3	-1.237550E+2
8.812500E+3	-1.235500E+2
8.843750E+3	-1.265890E+2
8.875000E+3	-1.228440E+2
8.906250E+3	-1.215620E+2
8.937500E+3	-1.183170E+2
8.968750E+3	-1.183810E+2
9.000000E+3	-1.155240E+2
9.031250E+3	-1.189220E+2
9.062500E+3	-1.179580E+2
9.093750E+3	-1.200160E+2
9.125000E+3	-1.220330E+2
9.156250E+3	-1.271130E+2
9.187500E+3	-1.207270E+2
9.218750E+3	-1.205390E+2
9.250000E+3	-1.132080E+2
9.281250E+3	-1.102970E+2
9.312500E+3	-1.101500E+2
9.343750E+3	-1.159890E+2
9.375000E+3	-1.213270E+2
9.406250E+3	-1.234030E+2
9.437500E+3	-1.185870E+2
9.468750E+3	-1.137720E+2
9.500000E+3	-1.141600E+2
9.531250E+3	-1.161530E+2
9.562500E+3	-1.245900E+2
9.593750E+3	-1.189520E+2
9.625000E+3	-1.136130E+2
9.656250E+3	-1.150540E+2
9.687500E+3	-1.291940E+2
9.718750E+3	-1.230910E+2
9.750000E+3	-1.228150E+2
9.781250E+3	-1.155240E+2
9.812500E+3	-1.140190E+2
9.843750E+3	-1.224030E+2
9.875000E+3	-1.195280E+2
9.906250E+3	-1.179990E+2
9.937500E+3	-1.199160E+2
9.968750E+3	-1.236730E+2
1.000000E+4	-1.135370E+2
1.003130E+4	-1.136310E+2
1.006250E+4	-1.138420E+2
1.009380E+4	-1.164470E+2
1.012500E+4	-1.252660E+2
1.015630E+4	-1.257480E+2
1.018750E+4	-1.141660E+2
1.021880E+4	-1.128020E+2
1.025000E+4	-1.199510E+2
1.028130E+4	-1.254070E+2
1.031250E+4	-1.266540E+2
1.034380E+4	-1.292940E+2
1.037500E+4	-1.211740E+2
1.040630E+4	-1.204390E+2
1.043750E+4	-1.194990E+2
1.046880E+4	-1.242140E+2
1.050000E+4	-1.233030E+2
1.053130E+4	-1.159830E+2
1.056250E+4	-1.168820E+2
1.059380E+4	-1.184340E+2
1.062500E+4	-1.127900E+2
1.065630E+4	-1.312990E+2
1.068750E+4	-1.129960E+2
1.071880E+4	-8.345730E+1
1.075000E+4	-6.705940E+1
1.078130E+4	-5.948660E+1
1.081250E+4	-5.884570E+1
1.084380E+4	-6.500740E+1
1.087500E+4	-7.942390E+1
1.090630E+4	-1.066870E+2
1.093750E+4	-1.238960E+2
1.096880E+4	-1.234380E+2
1.100000E+4	-1.195750E+2
1.103130E+4	-1.185750E+2
1.106250E+4	-1.140250E+2
1.109380E+4	-1.179290E+2
1.112500E+4	-1.208330E+2
1.115630E+4	-1.135840E+2
1.118750E+4	-1.191870E+2
1.121880E+4	-1.193990E+2
1.125000E+4	-1.165530E+2
1.128130E+4	-1.154590E+2
1.131250E+4	-1.204220E+2
1.134380E+4	-1.247370E+2
1.137500E+4	-1.200570E+2
1.140630E+4	-1.163590E+2
1.143750E+4	-1.187580E+2
1.146880E+4	-1.192460E+2
1.150000E+4	-1.212330E+2
1.153130E+4	-1.233500E+2
1.156250E+4	-1.298230E+2
1.159380E+4	-1.177700E+2
1.162500E+4	-1.224320E+2
1.165630E+4	-1.202750E+2
1.168750E+4	-1.237320E+2
1.171880E+4	-1.272950E+2
1.175000E+4	-1.235850E+2
1.178130E+4	-1.199280E+2
1.181250E+4	-1.267890E+2
1.184380E+4	-1.184460E+2
1.187500E+4	-1.247900E+2
1.190630E+4	-1.408290E+2
1.193750E+4	-1.175760E+2
1.196880E+4	-1.206450E+2
1.200000E+4	-1.258010E+2
1.203130E+4	-1.225030E+2
1.206250E+4	-1.279890E+2
1.209380E+4	-1.277770E+2
1.212500E+4	-1.301460E+2
1.215630E+4	-1.264190E+2
1.218750E+4	-1.321750E+2
1.221880E+4	-1.323330E+2
1.225000E+4	-1.223680E+2
1.228130E+4	-1.227380E+2
1.231250E+4	-1.221270E+2
1.234380E+4	-1.320160E+2
1.237500E+4	-1.293170E+2
1.240630E+4	-1.195810E+2
1.243750E+4	-1.174110E+2
1.246880E+4	-1.165710E+2
