0.000000E+0	-9.339360E+1
3.125000E+1	-9.606290E+1
6.250000E+1	-1.039060E+2
9.375000E+1	-1.119730E+2
1.250000E+2	-1.157830E+2
1.562500E+2	-1.097920E+2
1.875000E+2	-1.113670E+2
2.187500E+2	-1.136070E+2
2.500000E+2	-1.141540E+2
2.812500E+2	-1.111200E+2
3.125000E+2	-1.104680E+2
3.437500E+2	-1.266250E+2
3.750000E+2	-1.222380E+2
4.062500E+2	-1.186930E+2
4.375000E+2	-1.209330E+2
4.687500E+2	-1.126370E+2
5.000000E+2	-1.155360E+2
5.312500E+2	-1.211270E+2
5.625000E+2	-1.157940E+2
5.937500E+2	-1.173760E+2
6.250000E+2	-1.120020E+2
6.562500E+2	-1.118790E+2
6.875000E+2	-1.146420E+2
7.187500E+2	-1.182930E+2
7.500000E+2	-1.304640E+2
7.812500E+2	-1.222500E+2
8.125000E+2	-1.331800E+2
8.437500E+2	-1.142950E+2
8.750000E+2	-1.131490E+2
9.062500E+2	-1.125250E+2
9.375000E+2	-1.118850E+2
9.687500E+2	-1.273590E+2
1.000000E+3	-1.255600E+2
1.031250E+3	-1.193050E+2
1.062500E+3	-1.155770E+2
1.093750E+3	-1.171410E+2
1.125000E+3	-1.138370E+2
1.156250E+3	-1.182870E+2
1.187500E+3	-1.133130E+2
1.218750E+3	-1.232730E+2
1.250000E+3	-1.133130E+2
1.281250E+3	-1.141890E+2
1.312500E+3	-1.114200E+2
1.343750E+3	-1.167290E+2
1.375000E+3	-1.247020E+2
1.406250E+3	-1.131130E+2
1.437500E+3	-1.155180E+2
1.468750E+3	-1.122960E+2
1.500000E+3	-1.130840E+2
1.531250E+3	-1.112610E+2
1.562500E+3	-1.146300E+2
1.593750E+3	-1.232730E+2
1.625000E+3	-1.132490E+2
1.656250E+3	-1.230200E+2
1.687500E+3	-1.234670E+2
1.718750E+3	-1.118850E+2
1.750000E+3	-1.096680E+2
1.781250E+3	-1.149890E+2
1.812500E+3	-1.236490E+2
1.843750E+3	-1.185580E+2
1.875000E+3	-1.189340E+2
1.906250E+3	-1.113850E+2
1.937500E+3	-1.150950E+2
1.968750E+3	-1.142660E+2
2.000000E+3	-1.220800E+2
2.031250E+3	-1.203040E+2
2.062500E+3	-1.159710E+2
2.093750E+3	-1.136780E+2
2.125000E+3	-1.173940E+2
2.156250E+3	-1.232500E+2
2.187500E+3	-1.231850E+2
2.218750E+3	-1.154710E+2
2.250000E+3	-1.195400E+2
2.281250E+3	-1.137370E+2
2.312500E+3	-1.165120E+2
2.343750E+3	-1.207630E+2
2.375000E+3	-1.176350E+2
2.406250E+3	-1.281060E+2
2.437500E+3	-1.293640E+2
2.468750E+3	-1.238140E+2
2.500000E+3	-1.139950E+2
2.531250E+3	-1.125490E+2
2.562500E+3	-1.205390E+2
2.593750E+3	-1.165940E+2
2.625000E+3	-1.166760E+2
2.656250E+3	-1.154360E+2
2.687500E+3	-1.191630E+2
2.718750E+3	-1.178820E+2
2.750000E+3	-1.171170E+2
2.781250E+3	-1.236730E+2
2.812500E+3	-1.283300E+2
2.843750E+3	-1.164410E+2
2.875000E+3	-1.165820E+2
2.906250E+3	-1.167410E+2
2.937500E+3	-1.364140E+2
2.968750E+3	-1.190520E+2
3.000000E+3	-1.170170E+2
3.031250E+3	-1.160710E+2
3.062500E+3	-1.142830E+2
3.093750E+3	-1.131250E+2
3.125000E+3	-1.184340E+2
3.156250E+3	-1.146600E+2
3.187500E+3	-1.148010E+2
3.218750E+3	-1.277060E+2
3.250000E+3	-1.246140E+2
3.281250E+3	-1.147010E+2
3.312500E+3	-1.184050E+2
3.343750E+3	-1.164820E+2
3.375000E+3	-1.172940E+2
3.406250E+3	-1.201100E+2
3.437500E+3	-1.284410E+2
3.468750E+3	-1.193630E+2
3.500000E+3	-1.194160E+2
3.531250E+3	-1.192050E+2
3.562500E+3	-1.254490E+2
3.593750E+3	-1.259540E+2
3.625000E+3	-1.171350E+2
3.656250E+3	-1.254660E+2
3.687500E+3	-1.173000E+2
3.718750E+3	-1.204280E+2
3.750000E+3	-1.162120E+2
3.781250E+3	-1.155060E+2
3.812500E+3	-1.240730E+2
3.843750E+3	-1.213980E+2
3.875000E+3	-1.203980E+2
3.906250E+3	-1.186400E+2
3.937500E+3	-1.167880E+2
3.968750E+3	-1.252190E+2
4.000000E+3	-1.332860E+2
4.031250E+3	-1.236320E+2
4.062500E+3	-1.228320E+2
4.093750E+3	-1.193220E+2
4.125000E+3	-1.185700E+2
4.156250E+3	-1.232140E+2
4.187500E+3	-1.236490E+2
4.218750E+3	-1.216560E+2
4.250000E+3	-1.222800E+2
4.281250E+3	-1.168880E+2
4.312500E+3	-1.140370E+2
4.343750E+3	-1.134310E+2
4.375000E+3	-1.179050E+2
4.406250E+3	-1.178580E+2
4.437500E+3	-1.167940E+2
4.468750E+3	-1.147770E+2
4.500000E+3	-1.138420E+2
4.531250E+3	-1.120140E+2
4.562500E+3	-1.241020E+2
4.593750E+3	-1.239790E+2
4.625000E+3	-1.179580E+2
4.656250E+3	-1.190460E+2
4.687500E+3	-1.253550E+2
4.718750E+3	-1.207860E+2
4.750000E+3	-1.205510E+2
4.781250E+3	-1.172880E+2
4.812500E+3	-1.174760E+2
4.843750E+3	-1.180460E+2
4.875000E+3	-1.271300E+2
4.906250E+3	-1.242670E+2
4.937500E+3	-1.242080E+2
4.968750E+3	-1.187460E+2
5.000000E+3	-1.164410E+2
5.031250E+3	-1.196930E+2
5.062500E+3	-1.258900E+2
5.093750E+3	-1.306110E+2
5.125000E+3	-1.132490E+2
5.156250E+3	-1.146190E+2
5.187500E+3	-1.138250E+2
5.218750E+3	-1.142420E+2
5.250000E+3	-1.143950E+2
5.281250E+3	-1.180460E+2
5.312500E+3	-9.210010E+1
5.343750E+3	-7.345040E+1
5.375000E+3	-6.435480E+1
5.406250E+3	-6.238520E+1
5.437500E+3	-6.710640E+1
5.468750E+3	-7.960030E+1
5.500000E+3	-1.053350E+2
5.531250E+3	-1.221500E+2
5.562500E+3	-1.170760E+2
5.593750E+3	-1.239260E+2
5.625000E+3	-1.238960E+2
5.656250E+3	-1.186520E+2
5.687500E+3	-1.173640E+2
5.718750E+3	-1.144600E+2
5.750000E+3	-1.146190E+2
5.781250E+3	-1.177640E+2
5.812500E+3	-1.221150E+2
5.843750E+3	-1.197930E+2
5.875000E+3	-1.196630E+2
5.906250E+3	-1.242260E+2
5.937500E+3	-1.270650E+2
5.968750E+3	-1.218030E+2
6.000000E+3	-1.260840E+2
6.031250E+3	-1.188460E+2
6.062500E+3	-1.266480E+2
6.093750E+3	-1.218500E+2
6.125000E+3	-1.195400E+2
6.156250E+3	-1.169760E+2
6.187500E+3	-1.206040E+2
6.218750E+3	-1.146540E+2
6.250000E+3	-1.140480E+2
6.281250E+3	-1.296760E+2
6.312500E+3	-1.241080E+2
6.343750E+3	-1.168940E+2
6.375000E+3	-1.145830E+2
6.406250E+3	-1.230500E+2
6.437500E+3	-1.196340E+2
6.468750E+3	-1.165060E+2
6.500000E+3	-1.220210E+2
6.531250E+3	-1.205040E+2
6.562500E+3	-1.221620E+2
6.593750E+3	-1.226030E+2
6.625000E+3	-1.233730E+2
6.656250E+3	-1.222740E+2
6.687500E+3	-1.160300E+2
6.718750E+3	-1.195630E+2
6.750000E+3	-1.231730E+2
6.781250E+3	-1.142540E+2
6.812500E+3	-1.188870E+2
6.843750E+3	-1.144770E+2
6.875000E+3	-1.145950E+2
6.906250E+3	-1.163940E+2
6.937500E+3	-1.147190E+2
6.968750E+3	-1.261780E+2
7.000000E+3	-1.257250E+2
7.031250E+3	-1.199040E+2
7.062500E+3	-1.197570E+2
7.093750E+3	-1.239850E+2
7.125000E+3	-1.188750E+2
7.156250E+3	-1.199450E+2
7.187500E+3	-1.259660E+2
7.218750E+3	-1.194630E+2
7.250000E+3	-1.183400E+2
7.281250E+3	-1.157710E+2
7.312500E+3	-1.160590E+2
7.343750E+3	-1.246310E+2
7.375000E+3	-1.182340E+2
7.406250E+3	-1.244430E+2
7.437500E+3	-1.242840E+2
7.468750E+3	-1.276890E+2
7.500000E+3	-1.249140E+2
7.531250E+3	-1.141420E+2
7.562500E+3	-1.180400E+2
7.593750E+3	-1.195690E+2
7.625000E+3	-1.169060E+2
7.656250E+3	-1.140130E+2
7.687500E+3	-1.150070E+2
7.718750E+3	-1.160360E+2
7.750000E+3	-1.134370E+2
7.781250E+3	-1.181820E+2
7.812500E+3	-1.254900E+2
7.843750E+3	-1.266250E+2
7.875000E+3	-1.215330E+2
7.906250E+3	-1.193990E+2
7.937500E+3	-1.206330E+2
7.968750E+3	-1.207330E+2
8.000000E+3	-1.208680E+2
8.031250E+3	-1.139840E+2
8.062500E+3	-1.126140E+2
8.093750E+3	-1.141070E+2
8.125000E+3	-1.205040E+2
8.156250E+3	-1.222560E+2
8.187500E+3	-1.181520E+2
8.218750E+3	-1.187580E+2
8.250000E+3	-1.206390E+2
8.281250E+3	-1.197510E+2
8.312500E+3	-1.204690E+2
8.343750E+3	-1.375540E+2
8.375000E+3	-1.229260E+2
8.406250E+3	-1.247490E+2
8.437500E+3	-1.394950E+2
8.468750E+3	-1.222910E+2
8.500000E+3	-1.206040E+2
8.531250E+3	-1.152180E+2
8.562500E+3	-1.216620E+2
8.593750E+3	-1.219620E+2
8.625000E+3	-1.211920E+2
8.656250E+3	-1.225440E+2
8.687500E+3	-1.103910E+2
8.718750E+3	-1.087630E+2
8.750000E+3	-1.160300E+2
8.781250E+3	-1.128020E+2
8.812500E+3	-1.128250E+2
8.843750E+3	-1.286120E+2
8.875000E+3	-1.247720E+2
8.906250E+3	-1.152180E+2
8.937500E+3	-1.185990E+2
8.968750E+3	-1.140070E+2
9.000000E+3	-1.134540E+2
9.031250E+3	-1.159530E+2
9.062500E+3	-1.148540E+2
9.093750E+3	-1.166470E+2
9.125000E+3	-1.242960E+2
9.156250E+3	-1.177050E+2
9.187500E+3	-1.194630E+2
9.218750E+3	-1.192930E+2
9.250000E+3	-1.312990E+2
9.281250E+3	-1.181820E+2
9.312500E+3	-1.157650E+2
9.343750E+3	-1.156180E+2
9.375000E+3	-1.219090E+2
9.406250E+3	-1.248610E+2
9.437500E+3	-1.188640E+2
9.468750E+3	-1.269830E+2
9.500000E+3	-1.157530E+2
9.531250E+3	-1.154530E+2
9.562500E+3	-1.169170E+2
9.593750E+3	-1.225680E+2
9.625000E+3	-1.197280E+2
9.656250E+3	-1.223440E+2
9.687500E+3	-1.194040E+2
9.718750E+3	-1.168230E+2
9.750000E+3	-1.172880E+2
9.781250E+3	-1.128140E+2
9.812500E+3	-1.190460E+2
9.843750E+3	-1.166290E+2
9.875000E+3	-1.145250E+2
9.906250E+3	-1.208680E+2
9.937500E+3	-1.255250E+2
9.968750E+3	-1.292060E+2
1.000000E+4	-1.211390E+2
1.003130E+4	-1.269830E+2
1.006250E+4	-1.218090E+2
1.009380E+4	-1.252430E+2
1.012500E+4	-1.225270E+2
1.015630E+4	-1.326450E+2
1.018750E+4	-1.163710E+2
1.021880E+4	-1.264830E+2
1.025000E+4	-1.277240E+2
1.028130E+4	-1.204450E+2
1.031250E+4	-1.262540E+2
1.034380E+4	-1.264070E+2
1.037500E+4	-1.209160E+2
1.040630E+4	-1.265720E+2
1.043750E+4	-1.212330E+2
1.046880E+4	-1.164350E+2
1.050000E+4	-1.212740E+2
1.053130E+4	-1.185340E+2
1.056250E+4	-1.194930E+2
1.059380E+4	-1.228620E+2
1.062500E+4	-1.206860E+2
1.065630E+4	-1.251190E+2
1.068750E+4	-1.201810E+2
1.071880E+4	-8.858420E+1
1.075000E+4	-7.196290E+1
1.078130E+4	-6.440180E+1
1.081250E+4	-6.377270E+1
1.084380E+4	-6.994620E+1
1.087500E+4	-8.450970E+1
1.090630E+4	-1.130250E+2
1.093750E+4	-1.248490E+2
1.096880E+4	-1.229090E+2
1.100000E+4	-1.366840E+2
1.103130E+4	-1.230560E+2
1.106250E+4	-1.231090E+2
1.109380E+4	-1.131720E+2
1.112500E+4	-1.145420E+2
1.115630E+4	-1.129370E+2
1.118750E+4	-1.138540E+2
1.121880E+4	-1.145010E+2
1.125000E+4	-1.184640E+2
1.128130E+4	-1.256010E+2
1.131250E+4	-1.227970E+2
1.134380E+4	-1.230850E+2
1.137500E+4	-1.271360E+2
1.140630E+4	-1.315040E+2
1.143750E+4	-1.251130E+2
1.146880E+4	-1.269710E+2
1.150000E+4	-1.193990E+2
1.153130E+4	-1.179110E+2
1.156250E+4	-1.288410E+2
1.159380E+4	-1.251190E+2
1.162500E+4	-1.206510E+2
1.165630E+4	-1.216090E+2
1.168750E+4	-1.216030E+2
1.171880E+4	-1.276530E+2
1.175000E+4	-1.310220E+2
1.178130E+4	-1.219330E+2
1.181250E+4	-1.250140E+2
1.184380E+4	-1.295110E+2
1.187500E+4	-1.211210E+2
1.190630E+4	-1.209390E+2
1.193750E+4	-1.215270E+2
1.196880E+4	-1.254370E+2
1.200000E+4	-1.177350E+2
1.203130E+4	-1.217970E+2
1.206250E+4	-1.175880E+2
1.209380E+4	-1.147480E+2
1.212500E+4	-1.147360E+2
1.215630E+4	-1.180760E+2
1.218750E+4	-1.170290E+2
1.221880E+4	-1.310870E+2
1.225000E+4	-1.337620E+2
1.228130E+4	-1.216860E+2
1.231250E+4	-1.210270E+2
1.234380E+4	-1.224680E+2
1.237500E+4	-1.467150E+2
1.240630E+4	-1.245780E+2
1.243750E+4	-1.263830E+2
1.246880E+4	-1.106380E+2
