0.000000E+0	-9.381110E+1
3.125000E+1	-9.830300E+1
6.250000E+1	-1.020950E+2
9.375000E+1	-1.098150E+2
1.250000E+2	-1.146240E+2
1.562500E+2	-1.169530E+2
1.875000E+2	-1.159710E+2
2.187500E+2	-1.194100E+2
2.500000E+2	-1.195930E+2
2.812500E+2	-1.154530E+2
3.125000E+2	-1.165760E+2
3.437500E+2	-1.192750E+2
3.750000E+2	-1.147890E+2
4.062500E+2	-1.172470E+2
4.375000E+2	-1.159410E+2
4.687500E+2	-1.324920E+2
5.000000E+2	-1.231380E+2
5.312500E+2	-1.173000E+2
5.625000E+2	-1.168590E+2
5.937500E+2	-1.139130E+2
6.250000E+2	-1.195930E+2
6.562500E+2	-1.164240E+2
6.875000E+2	-1.165350E+2
7.187500E+2	-1.161350E+2
7.500000E+2	-1.153770E+2
7.812500E+2	-1.162940E+2
8.125000E+2	-1.223090E+2
8.437500E+2	-1.319280E+2
8.750000E+2	-1.184230E+2
9.062500E+2	-1.188280E+2
9.375000E+2	-1.148660E+2
9.687500E+2	-1.234380E+2
1.000000E+3	-1.157060E+2
1.031250E+3	-1.294230E+2
1.062500E+3	-1.279830E+2
1.093750E+3	-1.249720E+2
1.125000E+3	-1.224790E+2
1.156250E+3	-1.163000E+2
1.187500E+3	-1.274770E+2
1.218750E+3	-1.188220E+2
1.250000E+3	-1.327980E+2
1.281250E+3	-1.232030E+2
1.312500E+3	-1.229320E+2
1.343750E+3	-1.116260E+2
1.375000E+3	-1.131960E+2
1.406250E+3	-1.144480E+2
1.437500E+3	-1.223500E+2
1.468750E+3	-1.177460E+2
1.500000E+3	-1.294640E+2
1.531250E+3	-1.208510E+2
1.562500E+3	-1.171110E+2
1.593750E+3	-1.224150E+2
1.625000E+3	-1.313160E+2
1.656250E+3	-1.162120E+2
1.687500E+3	-1.173290E+2
1.718750E+3	-1.327630E+2
1.750000E+3	-1.350560E+2
1.781250E+3	-1.168470E+2
1.812500E+3	-1.220210E+2
1.843750E+3	-1.209160E+2
1.875000E+3	-1.211980E+2
1.906250E+3	-1.269420E+2
1.937500E+3	-1.181290E+2
1.968750E+3	-1.284300E+2
2.000000E+3	-1.176520E+2
2.031250E+3	-1.198400E+2
2.062500E+3	-1.174000E+2
2.093750E+3	-1.264190E+2
2.125000E+3	-1.184170E+2
2.156250E+3	-1.155710E+2
2.187500E+3	-1.176230E+2
2.218750E+3	-1.293700E+2
2.250000E+3	-1.201860E+2
2.281250E+3	-1.200280E+2
2.312500E+3	-1.184930E+2
2.343750E+3	-1.203750E+2
2.375000E+3	-1.211800E+2
2.406250E+3	-1.300820E+2
2.437500E+3	-1.270070E+2
2.468750E+3	-1.132020E+2
2.500000E+3	-1.223090E+2
2.531250E+3	-1.212860E+2
2.562500E+3	-1.141010E+2
2.593750E+3	-1.147010E+2
2.625000E+3	-1.430050E+2
2.656250E+3	-1.160360E+2
2.687500E+3	-1.139370E+2
2.718750E+3	-1.214920E+2
2.750000E+3	-1.245370E+2
2.781250E+3	-1.195870E+2
2.812500E+3	-1.226850E+2
2.843750E+3	-1.240320E+2
2.875000E+3	-1.247840E+2
2.906250E+3	-1.219270E+2
2.937500E+3	-1.134490E+2
2.968750E+3	-1.145420E+2
3.000000E+3	-1.133020E+2
3.031250E+3	-1.264190E+2
3.062500E+3	-1.212450E+2
3.093750E+3	-1.189160E+2
3.125000E+3	-1.148540E+2
3.156250E+3	-1.177110E+2
3.187500E+3	-1.127610E+2
3.218750E+3	-1.179230E+2
3.250000E+3	-1.175820E+2
3.281250E+3	-1.148540E+2
3.312500E+3	-1.185990E+2
3.343750E+3	-1.235550E+2
3.375000E+3	-1.332800E+2
3.406250E+3	-1.243670E+2
3.437500E+3	-1.201340E+2
3.468750E+3	-1.145890E+2
3.500000E+3	-1.157530E+2
3.531250E+3	-1.183870E+2
3.562500E+3	-1.185050E+2
3.593750E+3	-1.243260E+2
3.625000E+3	-1.153650E+2
3.656250E+3	-1.118610E+2
3.687500E+3	-1.404000E+2
3.718750E+3	-1.298350E+2
3.750000E+3	-1.182760E+2
3.781250E+3	-1.170470E+2
3.812500E+3	-1.154300E+2
3.843750E+3	-1.204800E+2
3.875000E+3	-1.172110E+2
3.906250E+3	-1.162820E+2
3.937500E+3	-1.155010E+2
3.968750E+3	-1.167820E+2
4.000000E+3	-1.209510E+2
4.031250E+3	-1.177580E+2
4.062500E+3	-1.253960E+2
4.093750E+3	-1.272300E+2
4.125000E+3	-1.264070E+2
4.156250E+3	-1.238380E+2
4.187500E+3	-1.179290E+2
4.218750E+3	-1.143830E+2
4.250000E+3	-1.132490E+2
4.281250E+3	-1.172700E+2
4.312500E+3	-1.173530E+2
4.343750E+3	-1.142480E+2
4.375000E+3	-1.148070E+2
4.406250E+3	-1.202750E+2
4.437500E+3	-1.203450E+2
4.468750E+3	-1.168410E+2
4.500000E+3	-1.176350E+2
4.531250E+3	-1.261250E+2
4.562500E+3	-1.255130E+2
4.593750E+3	-1.326450E+2
4.625000E+3	-1.173110E+2
4.656250E+3	-1.190050E+2
4.687500E+3	-1.184050E+2
4.718750E+3	-1.225270E+2
4.750000E+3	-1.199100E+2
4.781250E+3	-1.205800E+2
4.812500E+3	-1.152420E+2
4.843750E+3	-1.320980E+2
4.875000E+3	-1.235320E+2
4.906250E+3	-1.196220E+2
4.937500E+3	-1.154530E+2
4.968750E+3	-1.197750E+2
5.000000E+3	-1.172290E+2
5.031250E+3	-1.124550E+2
5.062500E+3	-1.190990E+2
5.093750E+3	-1.324690E+2
5.125000E+3	-1.137370E+2
5.156250E+3	-1.145600E+2
5.187500E+3	-1.194990E+2
5.218750E+3	-1.165350E+2
5.250000E+3	-1.167650E+2
5.281250E+3	-1.203160E+2
5.312500E+3	-1.085800E+2
5.343750E+3	-9.318200E+1
5.375000E+3	-8.460380E+1
5.406250E+3	-8.254600E+1
5.437500E+3	-8.755530E+1
5.468750E+3	-1.012190E+2
5.500000E+3	-1.198220E+2
5.531250E+3	-1.233610E+2
5.562500E+3	-1.189400E+2
5.593750E+3	-1.228620E+2
5.625000E+3	-1.274010E+2
5.656250E+3	-1.261540E+2
5.687500E+3	-1.204040E+2
5.718750E+3	-1.236020E+2
5.750000E+3	-1.165120E+2
5.781250E+3	-1.142130E+2
5.812500E+3	-1.132250E+2
5.843750E+3	-1.162060E+2
5.875000E+3	-1.146600E+2
5.906250E+3	-1.230140E+2
5.937500E+3	-1.186460E+2
5.968750E+3	-1.121490E+2
6.000000E+3	-1.163180E+2
6.031250E+3	-1.161590E+2
6.062500E+3	-1.195930E+2
6.093750E+3	-1.219970E+2
6.125000E+3	-1.157830E+2
6.156250E+3	-1.130720E+2
6.187500E+3	-1.270830E+2
6.218750E+3	-1.371190E+2
6.250000E+3	-1.184340E+2
6.281250E+3	-1.275590E+2
6.312500E+3	-1.230730E+2
6.343750E+3	-1.251840E+2
6.375000E+3	-1.213390E+2
6.406250E+3	-1.244430E+2
6.437500E+3	-1.256490E+2
6.468750E+3	-1.191630E+2
6.500000E+3	-1.176470E+2
6.531250E+3	-1.209450E+2
6.562500E+3	-1.187520E+2
6.593750E+3	-1.151770E+2
6.625000E+3	-1.168120E+2
6.656250E+3	-1.157470E+2
6.687500E+3	-1.130020E+2
6.718750E+3	-1.126310E+2
6.750000E+3	-1.136480E+2
6.781250E+3	-1.193810E+2
6.812500E+3	-1.212450E+2
6.843750E+3	-1.165710E+2
6.875000E+3	-1.194930E+2
6.906250E+3	-1.182340E+2
6.937500E+3	-1.142780E+2
6.968750E+3	-1.192810E+2
7.000000E+3	-1.161880E+2
7.031250E+3	-1.196460E+2
7.062500E+3	-1.223090E+2
7.093750E+3	-1.300700E+2
7.125000E+3	-1.302760E+2
7.156250E+3	-1.221330E+2
7.187500E+3	-1.127080E+2
7.218750E+3	-1.135960E+2
7.250000E+3	-1.187460E+2
7.281250E+3	-1.166940E+2
7.312500E+3	-1.135190E+2
7.343750E+3	-1.183760E+2
7.375000E+3	-1.192520E+2
7.406250E+3	-1.181170E+2
7.437500E+3	-1.250250E+2
7.468750E+3	-1.214620E+2
7.500000E+3	-1.139070E+2
7.531250E+3	-1.133370E+2
7.562500E+3	-1.157360E+2
7.593750E+3	-1.128660E+2
7.625000E+3	-1.160940E+2
7.656250E+3	-1.141780E+2
7.687500E+3	-1.146660E+2
7.718750E+3	-1.191340E+2
7.750000E+3	-1.141540E+2
7.781250E+3	-1.105910E+2
7.812500E+3	-1.091150E+2
7.843750E+3	-1.149650E+2
7.875000E+3	-1.205800E+2
7.906250E+3	-1.242900E+2
7.937500E+3	-1.305110E+2
7.968750E+3	-1.155010E+2
8.000000E+3	-1.263780E+2
8.031250E+3	-1.195100E+2
8.062500E+3	-1.184700E+2
8.093750E+3	-1.339390E+2
8.125000E+3	-1.179350E+2
8.156250E+3	-1.320750E+2
8.187500E+3	-1.141840E+2
8.218750E+3	-1.109620E+2
8.250000E+3	-1.097680E+2
8.281250E+3	-1.140250E+2
8.312500E+3	-1.094560E+2
8.343750E+3	-1.139950E+2
8.375000E+3	-1.123430E+2
8.406250E+3	-1.172230E+2
8.437500E+3	-1.123020E+2
8.468750E+3	-1.110140E+2
8.500000E+3	-1.197510E+2
8.531250E+3	-1.203980E+2
8.562500E+3	-1.145890E+2
8.593750E+3	-1.253130E+2
8.625000E+3	-1.097330E+2
8.656250E+3	-1.131190E+2
8.687500E+3	-1.185580E+2
8.718750E+3	-1.202450E+2
8.750000E+3	-1.216620E+2
8.781250E+3	-1.240850E+2
8.812500E+3	-1.293640E+2
8.843750E+3	-1.248430E+2
8.875000E+3	-1.190460E+2
8.906250E+3	-1.217560E+2
8.937500E+3	-1.213980E+2
8.968750E+3	-1.162350E+2
9.000000E+3	-1.141190E+2
9.031250E+3	-1.145950E+2
9.062500E+3	-1.157940E+2
9.093750E+3	-1.218560E+2
9.125000E+3	-1.175940E+2
9.156250E+3	-1.135960E+2
9.187500E+3	-1.132080E+2
9.218750E+3	-1.270600E+2
9.250000E+3	-1.222970E+2
9.281250E+3	-1.159120E+2
9.312500E+3	-1.242260E+2
9.343750E+3	-1.276710E+2
9.375000E+3	-1.219210E+2
9.406250E+3	-1.391480E+2
9.437500E+3	-1.185050E+2
9.468750E+3	-1.155650E+2
9.500000E+3	-1.151300E+2
9.531250E+3	-1.205450E+2
9.562500E+3	-1.213980E+2
9.593750E+3	-1.247490E+2
9.625000E+3	-1.442920E+2
9.656250E+3	-1.255780E+2
9.687500E+3	-1.260370E+2
9.718750E+3	-1.194520E+2
9.750000E+3	-1.168120E+2
9.781250E+3	-1.291640E+2
9.812500E+3	-1.287470E+2
9.843750E+3	-1.247840E+2
9.875000E+3	-1.219270E+2
9.906250E+3	-1.154890E+2
9.937500E+3	-1.263360E+2
9.968750E+3	-1.279240E+2
1.000000E+4	-1.198400E+2
1.003130E+4	-1.151480E+2
1.006250E+4	-1.161530E+2
1.009380E+4	-1.321280E+2
1.012500E+4	-1.186170E+2
1.015630E+4	-1.266660E+2
1.018750E+4	-1.226620E+2
1.021880E+4	-1.234730E+2
1.025000E+4	-1.301990E+2
1.028130E+4	-1.204800E+2
1.031250E+4	-1.190750E+2
1.034380E+4	-1.211390E+2
1.037500E+4	-1.210040E+2
1.040630E+4	-1.317160E+2
1.043750E+4	-1.222500E+2
1.046880E+4	-1.160590E+2
1.050000E+4	-1.152300E+2
1.053130E+4	-1.277650E+2
1.056250E+4	-1.231790E+2
1.059380E+4	-1.211510E+2
1.062500E+4	-1.188870E+2
1.065630E+4	-1.178820E+2
1.068750E+4	-1.201570E+2
1.071880E+4	-8.829020E+1
1.075000E+4	-7.181000E+1
1.078130E+4	-6.423130E+1
1.081250E+4	-6.359050E+1
1.084380E+4	-6.978160E+1
1.087500E+4	-8.427450E+1
1.090630E+4	-1.100680E+2
1.093750E+4	-1.182870E+2
1.096880E+4	-1.174230E+2
1.100000E+4	-1.205800E+2
1.103130E+4	-1.184870E+2
1.106250E+4	-1.205630E+2
1.109380E+4	-1.222740E+2
1.112500E+4	-1.153890E+2
1.115630E+4	-1.149480E+2
1.118750E+4	-1.228380E+2
1.121880E+4	-1.237730E+2
1.125000E+4	-1.198570E+2
1.128130E+4	-1.248900E+2
1.131250E+4	-1.277180E+2
1.134380E+4	-1.223500E+2
1.137500E+4	-1.178640E+2
1.140630E+4	-1.216090E+2
1.143750E+4	-1.196690E+2
1.146880E+4	-1.202920E+2
1.150000E+4	-1.264720E+2
1.153130E+4	-1.253550E+2
1.156250E+4	-1.247020E+2
1.159380E+4	-1.172640E+2
1.162500E+4	-1.149950E+2
1.165630E+4	-1.243020E+2
1.168750E+4	-1.195990E+2
1.171880E+4	-1.230090E+2
1.175000E+4	-1.266070E+2
1.178130E+4	-1.319920E+2
1.181250E+4	-1.251080E+2
1.184380E+4	-1.188640E+2
1.187500E+4	-1.260310E+2
1.190630E+4	-1.226970E+2
1.193750E+4	-1.130250E+2
1.196880E+4	-1.159940E+2
1.200000E+4	-1.269010E+2
1.203130E+4	-1.233260E+2
1.206250E+4	-1.175880E+2
1.209380E+4	-1.199340E+2
1.212500E+4	-1.183870E+2
1.215630E+4	-1.264420E+2
1.218750E+4	-1.171290E+2
1.221880E+4	-1.254600E+2
1.225000E+4	-1.216920E+2
1.228130E+4	-1.225560E+2
1.231250E+4	-1.240430E+2
1.234380E+4	-1.258480E+2
1.237500E+4	-1.222270E+2
1.240630E+4	-1.246140E+2
1.243750E+4	-1.258540E+2
1.246880E+4	-1.190280E+2
