Time,Position,Velocity1,Acceleration1,Angle2,Velocity2,Acceleration2
0.05,0.7863275,0.676662777778,0.577446851852,0.244346095279,3.33551812603,-19.4453380674
0.1,0.8189125,0.707056388889,0.462907083333,0.436332312999,2.52587927858,-23.8081225156
0.15,0.8556135,0.737850166667,0.154000648148,0.558505360638,1.20427718388,-29.2649698374
0.2,0.894201,0.739260277778,-0.462933549383,0.575958653158,-0.48481368111,-33.1574850148
0.25,0.9314165,0.698100277778,-1.26981987654,0.506145483078,-2.25923175397,-34.1368086507
0.3,0.9657165,0.612540833333,-2.09913882716,0.349065850399,-3.99486473234,-32.2627344322
0.35,0.994357,0.484678055556,-2.84171265432,0.10471975512,-5.61414242725,-27.1172452301
0.4,1.015623,0.321371944444,-3.40925061728,-0.226892802759,-6.87465799813,-18.2774757778
0.45,1.0274565,0.133865277778,-3.73245401235,-0.610865238198,-7.50491578358,-7.63312206814
0.5,1.029343,-0.0625975,-3.78321589506,-0.994837673637,-7.64066361429,3.5122057787
0.55,1.021111,-0.255820833333,-3.54978533951,-1.3962634016,-7.20433130129,15.4817168834
0.6,1.002932,-0.428654722222,-3.04751265432,-1.74532925199,-6.06986728749,26.6270447303
0.65,0.976864,-0.567855555556,-2.35923657407,-2.02458193231,-4.4118044981,34.804235485
0.7,0.944622,-0.668564166667,-1.56112638889,-2.19911485751,-2.42406840555,39.0544354227
0.75,0.908264,-0.725445,-0.712624845679,-2.26892802759,-0.358762124021,39.4584468236
0.8,0.870534,-0.741165833333,0.17107654321,-2.23402144255,1.65806278939,36.280223803
0.85,0.8322895,-0.71001,1.08510802469,-2.09439510239,3.43248086226,29.4120299873
0.9,0.7976465,-0.631501111111,1.96695679012,-1.86750229963,4.68330015952,20.6692232713
0.95,0.7674625,-0.510021944444,2.75770941358,-1.60570291183,5.44930577567,12.7936943626
1,0.744996,-0.348621388889,3.36690493827,-1.308996939,5.86624554143,6.85203335968
1.05,0.731619,-0.162448611111,3.71080478395,-1.01229096616,6.06986728749,2.332492488
1.1,0.7283605,0.0341094444444,3.76236064815,-0.698131700798,6.12804492922,-2.48332341102
1.15,0.7352205,0.225427222222,3.52268410494,-0.383972435439,5.84685299418,-7.75163207907
1.2,0.7516845,0.3970225,3.0268691358,-0.10471975512,5.3329504922,-12.8529493681
1.25,0.7763805,0.534413055556,2.36786450617,0.157079632679,4.5863374233,-18.5252694371
1.3,0.8065645,0.6354075,1.64327700617,0.366519142919,3.51974732486,-24.8440077475
1.35,0.8412075,0.701149166667,0.857182407407,0.523598775598,2.10409137602,-30.9257260361
1.4,0.878423,0.723634722222,0.0182086419753,0.593411945678,0.329673303154,-34.804235485
1.45,0.9152955,0.702864166667,-0.826587654321,0.558505360638,-1.52231495868,-35.4398800891
1.5,0.9502815,0.6405525,-1.66137978395,0.436332312999,-3.29673303154,-33.6999376558
1.55,0.98098,0.536318611111,-2.46504783951,0.226892802759,-4.97418836818,-29.5897950037
1.6,1.005676,0.389781388889,-3.14967160494,-0.0698131700798,-6.39954059065,-22.2529479629
1.65,1.0212825,0.211135555556,-3.59149583333,-0.436332312999,-7.30129403751,-12.4166170551
1.7,1.027285,0.0186744444444,-3.74145246914,-0.820304748437,-7.66975243515,-1.47598831804
1.75,1.023169,-0.174263055556,-3.60488765432,-1.2217304764,-7.5146120572,10.6982218965
1.8,1.0092775,-0.3524325,-3.20329182099,-1.60570291183,-6.59346606309,22.4953548035
1.85,0.986811,-0.503066666667,-2.59134382716,-1.90240888467,-5.12932874614,31.3836056238
1.9,0.9574845,-0.616447222222,-1.85595817901,-2.12930168743,-3.34521439966,37.3522007202
1.95,0.9235275,-0.690192222222,-1.06626419753,-2.25147473507,-1.25081929726,39.6254382027
2,0.8868265,-0.721824444444,-0.27138287037,-2.25147473507,0.79509443702,37.6646362035
2.05,0.8504685,-0.722681944444,0.617294135802,-2.16420827247,2.64708269886,32.4448089036
2.1,0.811881,-0.664467222222,1.5736183642,-1.97222205475,4.14030883668,24.8817154783
2.15,0.7818685,-0.555088333333,2.34690339506,-1.72787595947,5.12932874614,17.1893384047
2.2,0.7561435,-0.426844444444,3.02189351852,-1.44862327916,5.80806789969,10.4288809625
2.25,0.7369355,-0.250961666667,3.58085648148,-1.1344640138,6.15713375009,4.17478447622
2.3,0.729904,-0.0511641666667,3.7601375,-0.820304748437,6.19591884458,-1.31977057635
2.35,0.7324765,0.139677222222,3.60457006173,-0.506145483078,6.00199337214,-6.28103057971
2.4,0.7444815,0.315655277778,3.25707083333,-0.209439510239,5.54626851189,-10.8921473689
2.45,0.76489,0.46991,2.77041311728,0.0523598775598,4.9354032737,-15.9988514766
2.5,0.7925015,0.597391666667,2.14242669753,0.296705972839,4.01425727959,-22.3499106991
2.55,0.825601,0.694003333333,1.30165324074,0.471238898038,2.69556406697,-28.5878467294
2.6,0.8641885,0.736973611111,0.286521450617,0.575958653158,1.10537519293,-33.5706540075
2.65,0.9022615,0.715250277778,-0.608031018519,0.593411945678,-0.746613068909,-36.2748369844
2.7,0.93639,0.666372777778,-1.32790756173,0.506145483078,-2.68586779335,-35.2621150727
2.75,0.9698325,0.587482777778,-2.10357453704,0.314159265359,-4.4118044981,-30.9526601295
2.8,0.997444,0.457905,-2.87770648148,0.0523598775598,-5.83715672056,-24.768592286
2.85,1.0171665,0.290883055556,-3.455725,-0.279252680319,-6.96192446073,-16.6237224434
2.9,1.0274565,0.0998511111111,-3.74129367284,-0.663225115758,-7.6018785198,-6.2056151182
2.95,1.027285,-0.0956588888889,-3.71890339506,-1.06465084372,-7.63096734066,5.4622341405
3,1.0175095,-0.282022222222,-3.43767515432,-1.44862327916,-7.06858347058,17.4048111518
3.05,0.9983015,-0.448186666667,-2.93418503086,-1.79768912955,-5.86624554143,28.4747235372
3.1,0.971376,-0.582051944444,-2.26152391975,-2.05948851735,-4.09182746856,36.4633756381
3.15,0.9386195,-0.678473055556,-1.47394722222,-2.21656815003,-2.04591373428,40.2341487134
3.2,0.9019185,-0.732971944444,-0.596121296296,-2.26892802759,0.106659009844,39.6308250214
3.25,0.8635025,-0.740975277778,0.343582253086,-2.19911485751,2.09439510239,34.8257827597
3.3,0.8257725,-0.698481388889,1.2777808642,-2.04203522483,3.68458397643,27.5966720925
3.35,0.7918155,-0.609396666667,2.12601774691,-1.81514242207,4.87722563196,19.6457277223
3.4,0.7633465,-0.481248055556,2.85171682099,-1.53588974176,5.62383870087,12.2280784013
3.45,0.742252,-0.317846666667,3.40512191358,-1.23918376892,6.031082193,6.22177557424
3.5,0.73059,-0.130625833333,3.70609382716,-0.925024503557,6.2056151182,1.08813737316
3.55,0.728875,0.0645983333333,3.71403364198,-0.610865238198,6.15713375009,-4.22326584433
3.6,0.7372785,0.253153055556,3.4257654321,-0.296705972839,5.80806789969,-9.96022773746
3.65,0.755286,0.416363888889,2.91650570988,-0.0174532925199,5.14872129338,-15.5194246142
3.7,0.780325,0.547370833333,2.30603981481,0.226892802759,4.24696784652,-20.8954696558
3.75,0.8110235,0.648651111111,1.6205162037,0.418879020479,3.05432619099,-26.077589225
3.8,0.846181,0.718966111111,0.755764506173,0.541052068118,1.62897396853,-30.8395369372
3.85,0.8857975,0.727445833333,-0.174781790123,0.593411945678,-0.0678739153553,-34.4702527269
3.9,0.920612,0.692478888889,-0.964105246914,0.541052068118,-1.91986217719,-35.5907110121
3.95,0.955598,0.632263333333,-1.76046867284,0.401425727959,-3.76215416541,-33.4467571779
4,0.986125,0.520311944444,-2.5894382716,0.157079632679,-5.41052068118,-27.8013712023
4.05,1.009449,0.365866666667,-3.25193641975,-0.157079632679,-6.6419474312,-19.5756990795
4.1,1.0236835,0.1843625,-3.66004290123,-0.523598775598,-7.43704186822,-9.54544269918
4.15,1.0284855,-0.0116238888889,-3.77411157407,-0.925024503557,-7.64066361429,1.64836651577
4.2,1.022483,-0.2058,-3.57799814815,-1.308996939,-7.28190149027,13.1384507581
4.25,1.007048,-0.380063055556,-3.12177638889,-1.67551608191,-6.34136294891,24.5531195389
4.3,0.9832095,-0.523837222222,-2.50257669753,-1.97222205475,-4.74147780125,33.7753531173
4.35,0.9533685,-0.633978333333,-1.77306651235,-2.16420827247,-2.77313425595,38.7204526646
4.4,0.9183825,-0.705436666667,-0.946214197531,-2.25147473507,-0.70782797442,39.6146645653
4.45,0.8809955,-0.732114444444,-0.0521910493827,-2.23402144255,1.31869321262,37.0074443247
4.5,0.8429225,-0.706770555556,0.787523765432,-2.11184839491,3.13189637997,31.1034910525
4.55,0.80948,-0.651223611111,1.58912746914,-1.90240888467,4.51846350794,23.1148389516
4.6,0.776209,-0.554040277778,2.46372453704,-1.64060949687,5.43960950205,14.9753559276
4.65,0.7513415,-0.398642222222,3.18354814815,-1.34390352404,5.97290455127,7.75701889775
4.7,0.7355635,-0.219996388889,3.56693533951,-1.02974425868,6.16683002371,1.76148970803
4.75,0.7290465,-0.0309652777778,3.66803564815,-0.715584993318,6.07956356111,-2.77959843836
4.8,0.7324765,0.156446111111,3.51749675926,-0.418879020479,5.86624554143,-6.90590154647
4.85,0.745339,0.328708333333,3.16687453704,-0.12217304764,5.44930577567,-12.1472761211
4.9,0.766262,0.478389722222,2.67026558642,0.13962634016,4.71238898038,-18.5306562557
4.95,0.7942165,0.600631111111,2.04132638889,0.366519142919,3.57792496659,-24.6446954564
5,0.827659,0.688096111111,1.27809845679,0.506145483078,2.19135783862,-29.5736345477
5.05,0.864703,0.733257777778,0.405036419753,0.593411945678,0.591472690954,-33.4683044526
5.1,0.9029475,0.729827777778,-0.499731944444,0.575958653158,-1.23142675002,-35.3483041716
5.15,0.939477,0.681331388889,-1.36924753086,0.471238898038,-3.07371873823,-34.2224590677
5.2,0.972748,0.589769444444,-2.17423888889,0.261799387799,-4.77056662212,-30.1715714211
5.25,0.9996735,0.463431111111,-2.93979583333,-0.0174532925199,-6.17652629734,-23.6481340008
5.3,1.0209395,0.293455555556,-3.60298209877,-0.366519142919,-7.2528126694,-14.3289376861
5.35,1.0305435,0.0898469444444,-3.94751712963,-0.767944870878,-7.72793007689,-2.4617761363
5.4,1.0302005,-0.120526388889,-3.86060262346,-1.16937059884,-7.49521950995,9.63701861672
5.45,1.0175095,-0.310891388889,-3.42370108025,-1.53588974176,-6.7292138938,20.9062432932
5.5,0.9976155,-0.466956388889,-2.84028348765,-1.86750229963,-5.36203931307,30.7048664703
5.55,0.970004,-0.597772777778,-2.16137638889,-2.09439510239,-3.49065850399,36.7273297534
5.6,0.9362185,-0.688477222222,-1.35813179012,-2.21656815003,-1.53201123231,38.9413122305
5.65,0.8995175,-0.736878333333,-0.47421867284,-2.25147473507,0.504206228354,38.160223522
5.7,0.8607585,-0.739355555556,0.47421867284,-2.16420827247,2.44346095279,33.6514562877
5.75,0.8232,-0.686381111111,1.35770833333,-1.98967534727,3.99486473234,26.3307697029
5.8,0.7907865,-0.59682,2.10447438272,-1.74532925199,5.09054365165,18.3744385141
5.85,0.7623175,-0.473625833333,2.77454182099,-1.46607657168,5.79837162607,11.0106573799
5.9,0.7420805,-0.317179722222,3.35001959877,-1.15191730632,6.15713375009,4.51954087168
5.95,0.729218,-0.130149444444,3.70995787037,-0.837758040957,6.2056151182,-0.953466906182
6,0.728532,0.0693622222222,3.72049135802,-0.523598775598,6.031082193,-5.75312234917
6.05,0.7369355,0.25382,3.43889259259,-0.226892802759,5.64323124812,-10.7359296272
6.1,0.7546,0.419889166667,2.97282546296,0.0523598775598,4.97418836818,-16.1173614876
6.15,0.7801535,0.556326944444,2.36299475309,0.279252680319,4.05304237408,-21.9243520235
6.2,0.811538,0.658655277778,1.6677845679,0.471238898038,2.80222307681,-27.8983339385
6.25,0.8470385,0.730494722222,0.815418981481,0.575958653158,1.19264165553,-32.3316857113
6.3,0.8871695,0.743833611111,-0.125131481481,0.593411945678,-0.53329504922,-34.4864131829
6.35,0.9228415,0.716488888889,-1.04779089506,0.523598775598,-2.30771312208,-34.9227454959
6.4,0.960743,0.6405525,-1.97532006173,0.366519142919,-4.12091628943,-32.7787916617
6.45,0.989212,0.511451111111,-2.73611311728,0.10471975512,-5.74989025796,-26.8748383895
6.5,1.012536,0.3592925,-3.30931481481,-0.226892802759,-6.94253191349,-17.7603411846
6.55,1.026599,0.173881944444,-3.68878503086,-0.610865238198,-7.6018785198,-6.64733424988
6.6,1.030372,-0.0220091666667,-3.77231188272,-1.01229096616,-7.63096734066,5.18750638787
6.65,1.024198,-0.214470277778,-3.58175632716,-1.3962634016,-7.0782797442,16.8445820092
6.7,1.0082485,-0.389781388889,-3.14649567901,-1.74532925199,-5.90503063591,27.2950102465
6.75,0.984067,-0.536318611111,-2.52819583333,-2.00712863979,-4.2372715729,35.0197082321
6.8,0.953197,-0.647317222222,-1.78508209877,-2.18166156499,-2.24953548035,39.0652090601
6.85,0.9176965,-0.717251111111,-0.965481481481,-2.23402144255,-0.184229198822,39.318389538
6.9,0.8799665,-0.746596666667,-0.0740520061728,-2.19911485751,1.82289944097,35.9893355944
6.95,0.8412075,-0.728779722222,0.896405092593,-2.04203522483,3.57792496659,29.0618867732
7,0.8048495,-0.656749722222,1.84950046296,-1.81514242207,4.77056662212,20.9224037492
7.05,0.7736365,-0.537557222222,2.65454475309,-1.55334303427,5.62383870087,13.4347257854
7.1,0.7496265,-0.381492222222,3.22647608025,-1.23918376892,6.10865238198,6.32951194782
7.15,0.734706,-0.204466111111,3.54195138889,-0.925024503557,6.2056151182,0.425558675641
7.2,0.728875,-0.0186744444444,3.63055972222,-0.610865238198,6.07956356111,-4.15323720151
7.25,0.7328195,0.166831388889,3.50500478395,-0.314159265359,5.80806789969,-8.94211900713
7.3,0.746025,0.340236944444,3.17412623457,-0.0174532925199,5.24568402961,-14.7598831804
7.35,0.7678055,0.490585277778,2.68175185185,0.226892802759,4.31484176187,-20.4591373428
7.4,0.7962745,0.612159722222,2.06535756173,0.418879020479,3.1900740217,-26.0237210382
7.45,0.83006,0.702673611111,1.2993242284,0.558505360638,1.74532925199,-31.76606975
7.5,0.8679615,0.753647222222,0.310076234568,0.610865238198,-0.0581776417331,-35.6553528363
7.55,0.908607,0.735449166667,-0.72072345679,0.558505360638,-1.99743236617,-35.7523155725
7.6,0.94325,0.671041388889,-1.56774290123,0.401425727959,-3.76215416541,-32.6818289255
7.65,0.976521,0.5770975,-2.35050277778,0.174532925199,-5.32325421858,-27.6613139166
7.7,1.0031035,0.435038333333,-3.06492731481,-0.13962634016,-6.62255488396,-20.2113436836
7.75,1.0212825,0.261728055556,-3.57265200617,-0.506145483078,-7.45643441546,-10.1757004846
7.8,1.030029,0.0679330555556,-3.83006080247,-0.907571211037,-7.72793007689,1.83151835086
7.85,1.0284855,-0.13377,-3.77691697531,-1.308996939,-7.28190149027,14.1242385763
7.9,1.0161375,-0.323182222222,-3.40792731481,-1.65806278939,-6.25409648631,25.0487068573
7.95,0.9948715,-0.482867777778,-2.82323935185,-1.95476876223,-4.70269270676,33.8777026722
8,0.966574,-0.609587222222,-2.11410802469,-2.14675497995,-2.72465288784,39.0921431535
8.05,0.9324455,-0.698100277778,-1.30429984568,-2.23402144255,-0.591472690954,39.6308250214
8.1,0.8950585,-0.743261944444,-0.415093518518,-2.19911485751,1.41565594884,35.962401501
8.15,0.8562995,-0.741832777778,0.525245216049,-2.07694180987,3.07371873823,30.139250509
8.2,0.8189125,-0.690954444444,1.46441944444,-1.88495559215,4.48937468707,22.8401111989
8.25,0.7852985,-0.592341944444,2.32451311728,-1.60570291183,5.40082440756,14.7706568178
8.3,0.75803,-0.452188333333,3.02459305556,-1.32645023152,5.88563808867,8.15564348
8.35,0.738822,-0.280783611111,3.49664151235,-1.01229096616,6.16683002371,2.58567296592
8.4,0.729218,-0.0911808333333,3.69222561728,-0.698131700798,6.15713375009,-2.91965572402
8.45,0.7297325,0.0990888888889,3.62224938272,-0.383972435439,5.8565492678,-8.03174665038
8.5,0.739508,0.279640277778,3.33170509259,-0.10471975512,5.3329504922,-12.8152416373
8.55,0.7585445,0.439325833333,2.86045061728,0.157079632679,4.59603369692,-18.0458425746
8.6,0.7846125,0.570142222222,2.26157685185,0.366519142919,3.55853241934,-23.8528331106
8.65,0.816683,0.670183888889,1.53953009259,0.523598775598,2.23983920673,-29.9560986739
8.7,0.8532125,0.729827777778,0.688911265432,0.610865238198,0.494509954732,-34.4487054522
8.75,0.8916285,0.741642222222,-0.228243209877,0.575958653158,-1.35747830711,-35.6122582868
8.8,0.929187,0.706675277778,-1.14968518519,0.471238898038,-3.15128892721,-34.3355822599
8.85,0.9640015,0.626641944444,-2.05598858025,0.261799387799,-4.90631445283,-30.0692218661
8.9,0.9938425,0.498302777778,-2.87606558642,-0.0349065850399,-6.2928815808,-22.6515725452
8.95,1.0154515,0.330328055556,-3.48531404321,-0.383972435439,-7.26250894302,-12.9499121043
9,1.0277995,0.138343333333,-3.81412824074,-0.785398163397,-7.64066361429,-1.78842380143
9.05,1.029686,-0.063455,-3.83424243827,-1.16937059884,-7.45643441546,9.8740386386
9.1,1.021111,-0.256964166667,-3.55989537037,-1.55334303427,-6.68073252569,21.7735211005
9.15,1.0031035,-0.428940555556,-3.04534243827,-1.86750229963,-5.21659520874,31.884579761
9.2,0.976864,-0.567760277778,-2.35976589506,-2.09439510239,-3.29673303154,37.6969571156
9.25,0.944965,-0.669802777778,-1.55181033951,-2.19911485751,-1.26051557088,39.1190772469
9.3,0.9080925,-0.727064722222,-0.661439506173,-2.21656815003,0.70782797442,37.6646362035
9.35,0.8700195,-0.732971944444,0.189602777778,-2.12930168743,2.62769015161,33.1127744198
9.4,0.8336615,-0.704388611111,0.991894598765,-1.93731546971,4.15970138392,25.5173600824
9.45,0.798504,-0.641124166667,1.90904907407,-1.69296937443,5.21659520874,17.0115733883
9.5,0.7667765,-0.516596111111,2.84234783951,-1.3962634016,5.80806789969,9.47541405635
9.55,0.744653,-0.342428333333,3.46943441358,-1.09955742876,6.06986728749,3.81925444341
9.6,0.7321335,-0.152539722222,3.71233981481,-0.785398163397,6.16683002371,-1.16355283466
9.65,0.7293895,0.039445,3.67184675926,-0.471238898038,5.98260082489,-6.46956923347
9.7,0.736421,0.222378333333,3.42237777778,-0.174532925199,5.5074834174,-11.5978206159
9.75,0.7523705,0.387304166667,3.01949040123,0.0872664625997,4.80935171661,-16.5547711643
9.8,0.7760375,0.529268055556,2.48231958333,0.314159265359,3.87850944888,-21.7201915956
9.85,0.806393,0.641695833333,1.81096060185,0.488692190558,2.61799387799,-25.8852797982
9.9,0.841722,0.713783,1.12467476852,0.593411945678,1.12282848545,-26.6178871385
9.95,0.8799665,0.74388125,0.619734305556,0.593411945678,-0.237558703744,-23.8808445677
10,0.917525,0.751741666667,0.327406203704,0.506145483078,-1.14416028742,-20.8028163745