Vernier Format 2
Untitled.cmbl 10/31/2024 12:09:07 .
Latest
Time	Position	Velocity 1	Acceleration 1	Angle 2	Velocity 2	Acceleration 2
t	x	v 1	acc 1	Angle 2	v 2	acc 2
s	m	m/s	m/s²	rad	rad/s	rad/s²

0.05	0.8055355	0.278592222222	0.987871759259	0.0523598775598	1.47383359057	1.16570756213
0.1	0.817712	0.325516527778	1.0074037037	0.12217304764	1.55140377955	0.620022829952
0.15	0.835548	0.383588333333	0.922273009259	0.209439510239	1.56497856262	-0.229478475725
0.2	0.8566425	0.430369722222	0.600223533951	0.279252680319	1.55140377955	-1.59773042019
0.25	0.879795	0.45276	0.057193132716	0.366519142919	1.46413731695	-4.17586183996
0.3	0.9032905	0.440183333333	-0.59209845679	0.436332312999	1.15385656104	-7.04272674092
0.35	0.9252425	0.392449166667	-1.22596033951	0.488692190558	0.698131700798	-8.71048580393
0.4	0.9437645	0.313559166667	-1.76925540123	0.506145483078	0.213318019688	-8.92057173242
0.45	0.9574845	0.211040277778	-2.19287098765	0.506145483078	-0.203621746066	-8.66200443582
0.5	0.9657165	0.0884177777778	-2.46060154321	0.488692190558	-0.659346606309	-8.11793574925
0.55	0.9667455	-0.0439230555556	-2.51432762346	0.436332312999	-1.03750127757	-7.02441155741
0.6	0.961086	-0.171595277778	-2.35627237654	0.383972435439	-1.37687085435	-5.40836595371
0.65	0.949081	-0.286500277778	-2.01613070988	0.296705972839	-1.63867024215	-2.51564432309
0.7	0.931588	-0.379491388889	-1.51676929012	0.209439510239	-1.66775906302	1.18510010938
0.75	0.909979	-0.4433275	-0.892541049383	0.12217304764	-1.50292241144	4.54647496507
0.8	0.8857975	-0.471339166667	-0.200030401235	0.0523598775598	-1.17324910829	6.96515655194
0.85	0.8614445	-0.463431111111	0.502749074074	0	-0.736916795286	7.9240102768
0.9	0.8381205	-0.420746666667	1.18970185185	-0.0174532925199	-0.349065850399	8.13409620528
0.95	0.8178835	-0.341856666667	1.8048787037	-0.0349065850399	0.048481368111	8.59736261168
1	0.8027915	-0.234288055556	2.27613317901	-0.0174532925199	0.523598775598	8.59736261168
1.05	0.793702	-0.1071875	2.57048858025	0.0174532925199	0.979323635841	7.19140293646
1.1	0.791644	0.0305841666667	2.66444305556	0.0872664625997	1.29930066537	4.62189042658
1.15	0.796789	0.167593611111	2.54513410494	0.157079632679	1.41565594884	2.28939793857
1.2	0.808794	0.293931944444	2.20652746914	0.226892802759	1.51261868506	0.199312291123
1.25	0.8271445	0.396450833333	1.66847268519	0.314159265359	1.47383359057	-2.45638931762
1.3	0.8497825	0.465908333333	0.997611265432	0.383972435439	1.24112302364	-4.70269270676
1.35	0.8751645	0.498874444444	0.254285802469	0.436332312999	0.989019909463	-6.65272106856
1.4	0.9012325	0.492205	-0.510106635802	0.488692190558	0.601168964576	-8.71048580393
1.45	0.9259285	0.446662222222	-1.24258101852	0.506145483078	0.048481368111	-9.30303585862
1.5	0.947366	0.364342222222	-1.88612947531	0.488692190558	-0.426636039376	-8.06945438113
1.55	0.963487	0.252867222222	-2.39560092593	0.453785605519	-0.736916795286	-6.90590154647
1.6	0.9736055	0.118049166667	-2.72870262346	0.418879020479	-1.07628637206	-6.20022829952
1.65	0.975835	-0.0295361111111	-2.82832083333	0.349065850399	-1.43504849608	-4.07782174
1.7	0.9705185	-0.174644166667	-2.68519243827	0.261799387799	-1.53201123231	-0.985787818256
1.75	0.9578275	-0.306413333333	-2.32599521605	0.191986217719	-1.51261868506	1.88538653765
1.8	0.9389625	-0.414553611111	-1.7794712963	0.10471975512	-1.33808575986	4.59495633318
1.85	0.915124	-0.490775833333	-1.07812098765	0.0523598775598	-1.02780500395	6.69042879931
1.9	0.8881985	-0.525838055556	-0.288056481481	0	-0.649650332687	8.22028530415
1.95	0.86093	-0.519740277778	0.515823302469	-0.0174532925199	-0.174532925199	8.92595855109
2	0.8346905	-0.473721111111	1.29943009259	-0.0174532925199	0.300584482288	8.40343713923
2.05	0.811881	-0.3867325	2.00056867284	0.0174532925199	0.688435427176	7.21833702985
2.1	0.794731	-0.267254166667	2.54635154321	0.0523598775598	1.02780500395	5.71002779973
2.15	0.7842695	-0.124623333333	2.89962037037	0.12217304764	1.29930066537	3.44756395456
2.2	0.781697	0.0316322222222	3.02120540123	0.191986217719	1.37687085435	1.02888236769
2.25	0.7873565	0.18865	2.87103703704	0.261799387799	1.37687085435	-1.02349554901
2.3	0.801248	0.329470555556	2.46070740741	0.331612557879	1.29930066537	-3.4098562238
2.35	0.821485	0.441803055556	1.86135725309	0.401425727959	1.02780500395	-5.52687596465
2.4	0.8466955	0.520788333333	1.12268981481	0.436332312999	0.698131700798	-6.73352334874
2.45	0.8751645	0.558804166667	0.274664660494	0.471238898038	0.339369576777	-7.51999887588
2.5	0.904491	0.549752777778	-0.60755462963	0.471238898038	-0.048481368111	-8.10177529321
2.55	0.931931	0.495635	-1.43737114198	0.471238898038	-0.504206228354	-7.90784982076
2.6	0.955598	0.401691111111	-2.15915324074	0.418879020479	-0.921145994108	-6.16790738745
2.65	0.973434	0.274018888889	-2.72864969136	0.366519142919	-1.10537519293	-4.42796495413
2.7	0.984067	0.120431111111	-3.08482978395	0.314159265359	-1.34778203348	-2.72573025157
2.75	0.9859535	-0.0451616666667	-3.17677283951	0.226892802759	-1.45444104333	0.301661846024
2.8	0.9794365	-0.208086666667	-2.9971212963	0.157079632679	-1.32838948624	3.44217713588
2.85	0.964516	-0.355100277778	-2.56064320988	0.0872664625997	-1.0471975512	5.45684732182
2.9	0.9427355	-0.4724825	-1.91254259259	0.0523598775598	-0.727220521664	6.35105922253
2.95	0.91581	-0.552611111111	-1.10718070988	0.0174532925199	-0.436332312999	7.39610204626
3	0.885626	-0.586815833333	-0.210246296296	0	0.00969627362219	8.23644576018
3.05	0.8552705	-0.573953333333	0.700715123457	0.0174532925199	0.465421133865	7.55231978795
3.1	0.8264585	-0.515452777778	1.57451820988	0.0523598775598	0.814486984264	5.81237735464
3.15	0.801934	-0.412552777778	2.34240416667	0.10471975512	1.03750127757	3.99163264114
3.2	0.783755	-0.273637777778	2.92349274691	0.157079632679	1.20233792915	2.27323748254
3.25	0.7736365	-0.1106175	3.26453425926	0.226892802759	1.29930066537	0.005386818679
3.3	0.7722645	0.0631691666667	3.33916851852	0.296705972839	1.20233792915	-2.2301429331
3.35	0.779982	0.235050277778	3.12283503086	0.349065850399	1.03750127757	-3.77615989398
3.4	0.7966175	0.386637222222	2.63130756173	0.401425727959	0.824183257886	-5.18750638787
3.45	0.8199415	0.506115555556	1.93149228395	0.436332312999	0.513902501976	-6.410314228
3.5	0.8487535	0.586053611111	1.0717162037	0.453785605519	0.164836651577	-7.21833702985
3.55	0.880481	0.617495277778	0.111475	0.453785605519	-0.213318019688	-7.69776389228
3.6	0.9125515	0.597772777778	-0.864751697531	0.436332312999	-0.649650332687	-7.14830838703
3.65	0.942221	0.528315277778	-1.77634830247	0.383972435439	-0.989019909463	-5.28446912409
3.7	0.9670885	0.415220555556	-2.55852592593	0.331612557879	-1.19264165553	-2.93042936137
3.75	0.9852675	0.264681666667	-3.14046141975	0.261799387799	-1.29930066537	-0.226246384518
3.8	0.9945285	0.0900375	-3.44905555556	0.191986217719	-1.20233792915	2.18704838367
3.85	0.9945285	-0.0919430555556	-3.46382361111	0.13962634016	-1.03750127757	3.76538625662
3.9	0.985096	-0.267635277778	-3.19032345679	0.0872664625997	-0.824183257886	5.14979865712
3.95	0.966917	-0.421794722222	-2.6452287037	0.0523598775598	-0.513902501976	6.22716239292
4	0.941535	-0.541177777778	-1.87522546296	0.0349065850399	-0.174532925199	6.73891016742
4.05	0.911008	-0.615589722222	-0.949019598765	0.0349065850399	0.174532925199	6.85203335968
4.1	0.8779085	-0.638551666667	0.0447805555556	0.0523598775598	0.523598775598	6.50727696423
4.15	0.845152	-0.610444722222	1.02868240741	0.0872664625997	0.853272078753	5.45146050314
4.2	0.814968	-0.533555555556	1.95213580247	0.13962634016	1.12476774017	3.25902530079
4.25	0.789929	-0.410361388889	2.7442117284	0.209439510239	1.19264165553	0.732607340343
4.3	0.772436	-0.250199444444	3.31460802469	0.261799387799	1.17324910829	-1.36286512579
4.35	0.7640325	-0.0675519444444	3.60287623457	0.331612557879	1.03750127757	-3.08126028439
4.4	0.7654045	0.122146111111	3.58461466049	0.366519142919	0.853272078753	-4.50338041564
4.45	0.776552	0.303459722222	3.25257160494	0.418879020479	0.610865238198	-6.18945466217
4.5	0.796789	0.459048333333	2.63294845679	0.436332312999	0.203621746066	-7.19140293646
4.55	0.8240575	0.575096666667	1.79857978395	0.436332312999	-0.164836651577	-7.02441155741
4.6	0.856128	0.644363611111	0.822194290123	0.418879020479	-0.513902501976	-6.3348987665
4.65	0.8905995	0.660370277778	-0.2272375	0.383972435439	-0.824183257886	-4.99358091543
4.7	0.924385	0.621020555556	-1.26137191358	0.331612557879	-1.02780500395	-3.25902530079
4.75	0.9547405	0.530030277778	-2.19366496914	0.279252680319	-1.16355283466	-1.19048692806
4.8	0.9790935	0.3953075	-2.96028055556	0.209439510239	-1.16355283466	1.19048692806
4.85	0.995729	0.224855555556	-3.49161296296	0.157079632679	-1.02780500395	3.25363848211
4.9	1.0024175	0.0337283333333	-3.7174742284	0.10471975512	-0.824183257886	4.96126000335
4.95	0.999159	-0.159685555556	-3.62330802469	0.0698131700798	-0.513902501976	6.18406784349
5	0.9859535	-0.340522777778	-3.22451759259	0.0523598775598	-0.174532925199	6.69581561799
5.05	0.9640015	-0.4930625	-2.55180354938	0.0523598775598	0.174532925199	6.66349470592
5.1	0.935018	-0.604632777778	-1.66032114198	0.0698131700798	0.513902501976	6.0009160084
5.15	0.901404	-0.663800277778	-0.643760185185	0.10471975512	0.814486984264	4.48183314092
5.2	0.8665895	-0.670183888889	0.412129320988	0.157079632679	0.989019909463	2.40790794951
5.25	0.8322895	-0.622640277778	1.45849104938	0.209439510239	1.03750127757	0.554842323936
5.3	0.8021055	-0.520597777778	2.40359367284	0.261799387799	1.02780500395	-0.991174636935
5.35	0.7784385	-0.373774722222	3.1428962963	0.314159265359	0.959931088597	-2.77959843836
5.4	0.763518	-0.195700555556	3.61817361111	0.366519142919	0.727220521664	-4.15862402018
5.45	0.7582015	-0.000571666666667	3.80004830247	0.383972435439	0.513902501976	-4.98280727807
5.5	0.7633465	0.196748611111	3.66448919753	0.418879020479	0.261799387799	-6.15174693141
5.55	0.7784385	0.379205555556	3.20090987654	0.418879020479	-0.135747830711	-6.52882423894
5.6	0.80262	0.528505833333	2.44975046296	0.401425727959	-0.465421133865	-5.51071550861
5.65	0.833147	0.631691666667	1.50168364198	0.366519142919	-0.688435427176	-4.28790766848
5.7	0.86779	0.683332222222	0.434413734568	0.331612557879	-0.872664625997	-3.25363848211
5.75	0.903805	0.676853333333	-0.670914351852	0.279252680319	-1.02780500395	-1.85845244425
5.8	0.937762	0.613398333333	-1.71034197531	0.226892802759	-1.11507146655	0.544068686578
5.85	0.9670885	0.500017777778	-2.60727638889	0.157079632679	-0.989019909463	3.19977029532
5.9	0.9893835	0.345286666667	-3.30809737654	0.12217304764	-0.727220521664	4.5895695145
5.95	1.002932	0.158732777778	-3.74081728395	0.0872664625997	-0.494509954732	5.18211956919
6	1.0058475	-0.0423986111111	-3.83980030864	0.0698131700798	-0.203621746066	5.55381005804
6.05	0.998473	-0.238766111111	-3.60181759259	0.0698131700798	0.048481368111	6.02246328312
6.1	0.9811515	-0.414553611111	-3.05968703704	0.0698131700798	0.387850944888	6.45340877744
6.15	0.955598	-0.554611944444	-2.26681712963	0.10471975512	0.775701889775	5.2575350307
6.2	0.9238705	-0.648555833333	-1.29080216049	0.157079632679	0.979323635841	2.73111707025
6.25	0.8885415	-0.687619722222	-0.214904320988	0.209439510239	1.02780500395	0.414785038283
6.3	0.8528695	-0.670088611111	0.868033487654	0.261799387799	0.998716183086	-1.43828058729
6.35	0.819427	-0.598535	1.88962299383	0.314159265359	0.862968352375	-2.74189070761
6.4	0.790958	-0.475817222222	2.77147175926	0.349065850399	0.698131700798	-3.51759259738
6.45	0.7702065	-0.31213	3.42327762346	0.383972435439	0.513902501976	-4.33638903659
6.5	0.758716	-0.122146111111	3.7899912037	0.401425727959	0.290888208666	-5.51071550861
6.55	0.7575155	0.0795569444444	3.83609506173	0.418879020479	-0.0387850944888	-6.49111650819
6.6	0.766948	0.274495277778	3.55253780864	0.401425727959	-0.436332312999	-5.96320827765
6.65	0.785813	0.447329166667	2.95652237654	0.366519142919	-0.678739153553	-4.46567268489
6.7	0.813253	0.581003888889	2.09468194444	0.331612557879	-0.862968352375	-3.11358119646
6.75	0.8460095	0.663038055556	1.06975771605	0.279252680319	-0.998716183086	-1.55679059823
6.8	0.8816815	0.690573333333	-0.026624845679	0.226892802759	-1.02780500395	0.183151835086
6.85	0.9173535	0.660370277778	-1.11840231481	0.174532925199	-0.989019909463	2.07392519141
6.9	0.9499385	0.574810833333	-2.11236126543	0.12217304764	-0.824183257886	3.9754721851
6.95	0.9766925	0.441993611111	-2.92936820988	0.0872664625997	-0.552687596465	5.18211956919
7	0.9955575	0.272875555556	-3.51336805556	0.0698131700798	-0.300584482288	6.16790738745
7.05	1.00499	0.0792711111111	-3.80698240741	0.0523598775598	0.048481368111	7.14830838703
7.1	1.0037895	-0.121574444444	-3.76273117284	0.0698131700798	0.475117407487	6.80893881025
7.15	0.992299	-0.310033888889	-3.39289459877	0.10471975512	0.804790710642	4.92893909128
7.2	0.971719	-0.471625	-2.74574675926	0.157079632679	0.989019909463	2.47793659234
7.25	0.943593	-0.593675833333	-1.87130848765	0.209439510239	1.02780500395	0.447105950357
7.3	0.910322	-0.665038888889	-0.842679012346	0.261799387799	1.00841245671	-1.03426918637
7.35	0.8748215	-0.679902222222	0.240999845679	0.314159265359	0.901753446864	-2.11163292217
7.4	0.8401785	-0.639599722222	1.2947191358	0.349065850399	0.814486984264	-3.46911122927
7.45	0.808794	-0.546894444444	2.25226080247	0.401425727959	0.601168964576	-5.49455505257
7.5	0.7835835	-0.407121944444	3.02671033951	0.418879020479	0.213318019688	-6.52343742026
7.55	0.7667765	-0.234002222222	3.54719166667	0.418879020479	-0.126051557088	-6.14097329405
7.6	0.759402	-0.0409694444444	3.77543487654	0.401425727959	-0.387850944888	-5.6938673437
7.65	0.762489	0.156255555556	3.68148040123	0.383972435439	-0.688435427176	-5.19289320655
7.7	0.775523	0.340522777778	3.25887052469	0.331612557879	-0.959931088597	-3.73306534454
7.75	0.797818	0.493634166667	2.55069197531	0.279252680319	-1.06659009844	-1.98773609255
7.8	0.82663	0.603203611111	1.64306527778	0.226892802759	-1.16355283466	0.021547274716
7.85	0.8600725	0.663038055556	0.607184104938	0.157079632679	-1.11507146655	2.85501389987
7.9	0.89523	0.665801111111	-0.473054166667	0.10471975512	-0.853272078753	5.11209092637
7.95	0.928844	0.613303055556	-1.49670802469	0.0698131700798	-0.53329504922	6.0009160084
8	0.9585135	0.51107	-2.39189567901	0.0523598775598	-0.213318019688	6.03323692047
8.05	0.981666	0.3661525	-3.087	0.0523598775598	0.048481368111	6.24332284895
8.1	0.9962435	0.192365833333	-3.52887716049	0.0523598775598	0.387850944888	6.67965516195
8.15	1.00156	0.00228666666667	-3.68656188272	0.0872664625997	0.785398163397	5.77466962388
8.2	0.9965865	-0.189412222222	-3.51971990741	0.13962634016	1.01810873033	3.73306534454
8.25	0.9818375	-0.362436666667	-3.0399962963	0.191986217719	1.16355283466	1.4113464939
8.3	0.959028	-0.502971388889	-2.31376790123	0.261799387799	1.16355283466	-0.969627362219
8.35	0.929873	-0.600821666667	-1.40778209877	0.314159265359	1.03750127757	-2.768824801
8.4	0.896945	-0.64827	-0.392279783951	0.366519142919	0.862968352375	-4.11014265207
8.45	0.8628165	-0.640457222222	0.638043518519	0.401425727959	0.639954059065	-5.51071550861
8.5	0.8309175	-0.581670833333	1.60246635802	0.436332312999	0.31028075591	-6.71736289271
8.55	0.8027915	-0.475721944444	2.44583348765	0.436332312999	-0.0969627362219	-6.70658925535
8.6	0.781697	-0.329184722222	3.08858796296	0.418879020479	-0.378154671265	-6.2056151182
8.65	0.7688345	-0.156255555556	3.4684287037	0.401425727959	-0.698131700798	-5.82315099199
8.7	0.765576	0.0292502777778	3.55714290123	0.349065850399	-0.998716183086	-4.6165036079
8.75	0.7719215	0.211040277778	3.35091944444	0.296705972839	-1.19264165553	-2.67186206478
8.8	0.7873565	0.375299166667	2.86553209877	0.226892802759	-1.29930066537	0.005386818679
8.85	0.8106805	0.508021111111	2.12453564815	0.157079632679	-1.19264165553	2.70956979553
8.9	0.840007	0.595200277778	1.19997067901	0.10471975512	-0.998716183086	4.79965544298
8.95	0.872249	0.631024722222	0.193731481481	0.0523598775598	-0.688435427176	6.30257785442
9	0.905177	0.614351111111	-0.809437654321	0.0349065850399	-0.339369576777	7.06211928816
9.05	0.935704	0.546799166667	-1.72918580247	0.0174532925199	0.0290888208666	7.41764932098
9.1	0.9616005	0.435324166667	-2.4952191358	0.0349065850399	0.446028586621	6.88435427176
9.15	0.980637	0.288691666667	-3.04809490741	0.0698131700798	0.727220521664	5.98475555236
9.2	0.99127	0.1209075	-3.35536574074	0.10471975512	1.03750127757	4.93432590996
9.25	0.9931565	-0.0570713888889	-3.39702330247	0.174532925199	1.28960439175	2.55335205384
9.3	0.985439	-0.230858055556	-3.14204938272	0.244346095279	1.32838948624	-0.517134593183
9.35	0.9691465	-0.382445	-2.61278132716	0.314159265359	1.20233792915	-3.0004580042
9.4	0.9458225	-0.500017777778	-1.8778191358	0.366519142919	0.998716183086	-4.76733453091
9.45	0.917525	-0.575858888889	-0.998881635802	0.418879020479	0.698131700798	-5.86085872275
9.5	0.886312	-0.603298888889	-0.0414458333333	0.436332312999	0.378154671265	-6.25409648631
9.55	0.855099	-0.579098333333	0.897834259259	0.453785605519	0.0969627362219	-6.92744882119
9.6	0.82663	-0.509355	1.74046033951	0.453785605519	-0.319977029532	-7.37994159022
9.65	0.80262	-0.399880833333	2.44604521605	0.418879020479	-0.688435427176	-6.83587290364
9.7	0.7852985	-0.257345277778	2.95911604938	0.383972435439	-1.02780500395	-5.59690460748
9.75	0.7760375	-0.0938486111111	3.21765759259	0.314159265359	-1.29930066537	-3.26118002826
9.8	0.7756945	0.0757458333333	3.18723751543	0.244346095279	-1.36717458073	-0.617868102481
9.85	0.7839265	0.237718055556	2.84542319444	0.174532925199	-1.33808575986	1.56163873504
9.9	0.800219	0.371812	2.29255800926	0.10471975512	-1.18682389136	3.06240641901
9.95	0.8232	0.465574861111	1.75093560185	0.0523598775598	-0.97447549903	3.48581036718
10	0.850983	0.521550555556	1.37425490741	0.0174532925199	-0.814486984264	3.42278458863
