Time,Position,Velocity1,Acceleration1,Angle2,Velocity2,Acceleration2
0.05,0.813939,-0.0987077777778,0.82875787037,-0.10471975512,0.116355283466,15.9428285624
0.1,0.807765,-0.0623593055556,0.961432175926,-0.12217304764,0.814486984264,18.309258008
0.15,0.805364,-0.0094325,1.11609976852,-0.0698131700798,1.83841347877,20.5625642615
0.2,0.806393,0.0522122222222,1.21333603395,0.0523598775598,3.0155410965,20.2091889561
0.25,0.8106805,0.116905833333,1.20798989198,0.244346095279,4.02395355321,16.6517339005
0.3,0.8182265,0.177121388889,1.09871157407,0.471238898038,4.68330015952,12.5480554309
0.35,0.828688,0.22981,0.910590895062,0.715584993318,5.21659520874,9.25455449051
0.4,0.841722,0.2701125,0.667791358025,0.994837673637,5.64323124812,5.3598845856
0.45,0.856128,0.29841,0.37989367284,1.29154364648,5.80806789969,0.517134593183
0.5,0.872249,0.309843333333,0.0559492283951,1.58824961931,5.6820163426,-4.12630310811
0.55,0.8878555,0.303364444444,-0.256508950617,1.86750229963,5.35234303945,-7.97787846359
0.6,0.903119,0.282689166667,-0.536466820988,2.12930168743,4.85783308472,-11.3177060446
0.65,0.9166675,0.248198611111,-0.778048919753,2.35619449019,4.24696784652,-15.018450477
0.7,0.9283295,0.203418055556,-0.980672993827,2.56563400043,3.38399949414,-19.1285931291
0.75,0.937419,0.148538055556,-1.14163950617,2.70526034059,2.27862430121,-22.2206270509
0.8,0.9434215,0.0872744444444,-1.25157947531,2.79252680319,1.1344640138,-24.617761363
0.85,0.946337,0.0213422222222,-1.30609953704,2.82743338823,-0.193925472444,-26.4869874446
0.9,0.945651,-0.0464002777778,-1.28572067901,2.77507351067,-1.57079632679,-27.0148956752
0.95,0.941535,-0.110426944444,-1.18880200617,2.67035375555,-2.94766718115,-26.212259692
1,0.934332,-0.167593611111,-1.03392268519,2.47836753783,-4.26636039376,-23.594265814
1.05,0.924385,-0.2152325,-0.841514506173,2.23402144255,-5.36203931307,-19.4518022499
1.1,0.91238,-0.252105,-0.633914814815,1.93731546971,-6.28318530718,-13.6017171645
1.15,0.8988315,-0.279354444444,-0.408688734568,1.58824961931,-6.79708780916,-6.15713375009
1.2,0.883911,-0.293741388889,-0.165465740741,1.23918376892,-6.88435427176,1.34670466975
1.25,0.8689905,-0.295932777778,0.0833680555556,0.890117918517,-6.66133997845,9.03369492467
1.3,0.8538985,-0.286405,0.349828240741,0.558505360638,-6.04077846662,17.5502552562
1.35,0.839664,-0.260965833333,0.61353595679,0.261799387799,-4.88692190558,25.2426323298
1.4,0.827316,-0.223235833333,0.84336712963,0.0523598775598,-3.34521439966,29.3850958939
1.45,0.817026,-0.175882777778,1.05197253086,-0.0698131700798,-1.79381062011,30.139250509
1.5,0.8093085,-0.118049166667,1.2435337963,-0.12217304764,-0.31028075591,29.7136918333
1.55,0.804678,-0.0486869444444,1.36496003086,-0.10471975512,1.20233792915,28.2323166966
1.6,0.804335,0.0236288888889,1.37284691358,0,2.62769015161,24.450769984
1.65,0.8072505,0.0920383333333,1.29614830247,0.174532925199,3.7136727973,19.2848108708
1.7,0.8137675,0.154826388889,1.17106975309,0.383972435439,4.50876723432,14.6952413563
1.75,0.8230285,0.2100875,1.01338503086,0.628318530718,5.15841756701,10.5258436988
1.8,0.8350335,0.257916944444,0.808802469136,0.907571211037,5.60444615363,5.76389598652
1.85,0.849268,0.293931944444,0.536202160494,1.20427718388,5.72080143709,1.26051557088
1.9,0.865046,0.314226111111,0.206329320988,1.4835298642,5.69171261623,-2.54796523516
1.95,0.88151,0.315083611111,-0.134659259259,1.78023583703,5.47839459654,-6.42647468404
2,0.897288,0.298219444444,-0.427850154321,2.04203522483,5.03236600992,-9.98716183086
2.05,0.911694,0.270207777778,-0.675678240741,2.28638132011,4.46998213983,-13.4401126041
2.1,0.924728,0.230762777778,-0.910749691358,2.49582083035,3.72336907092,-17.4425188826
2.15,0.935361,0.178074166667,-1.11374429012,2.67035375555,2.72465288784,-21.3748965183
2.2,0.942907,0.116143611111,-1.2474507716,2.77507351067,1.54170750593,-24.4022886158
2.25,0.947023,0.0511641666667,-1.32303780864,2.82743338823,0.261799387799,-26.6593656423
2.3,0.9482235,-0.0178169444444,-1.34521635802,2.80998009571,-1.18294538191,-27.5158698123
2.35,0.945308,-0.0872744444444,-1.27815138889,2.70526034059,-2.56951250988,-26.5947238182
2.4,0.939134,-0.149014444444,-1.13311743827,2.54818070791,-3.85911690163,-24.7955263794
2.45,0.9300445,-0.201893611111,-0.948331481481,2.32128790515,-5.11963247252,-21.2025183205
2.5,0.918554,-0.244578055556,-0.74046712963,2.02458193231,-6.09895610836,-15.1477341253
2.55,0.905177,-0.276591388889,-0.516458487654,1.69296937443,-6.67103625207,-8.0532939251
2.6,0.890428,-0.296790277778,-0.279587345679,1.34390352404,-6.88435427176,-0.953466906182
2.65,0.874993,-0.304507777778,-0.0391697530864,0.994837673637,-6.79708780916,6.80893881025
2.7,0.859558,-0.300887222222,0.211040277778,0.645771823238,-6.25409648631,15.3416595978
2.75,0.844466,-0.284975833333,0.492321450617,0.349065850399,-5.23598775598,23.0448103087
2.8,0.830403,-0.253057777778,0.795357716049,0.10471975512,-3.82033180714,27.9845230374
2.85,0.818398,-0.203703888889,1.06165910494,-0.0349065850399,-2.29801684846,29.7998809322
2.9,0.8096515,-0.143488333333,1.25332623457,-0.12217304764,-0.804790710642,30.1985055144
2.95,0.8038205,-0.0765080555556,1.38660925926,-0.12217304764,0.785398163397,28.8518008447
3,0.801591,-0.00142916666667,1.43551851852,-0.0349065850399,2.18166156499,25.2911136979
3.05,0.8038205,0.0713630555556,1.38676805556,0.10471975512,3.3646069469,20.5291659856
3.1,0.8089655,0.139105555556,1.28106265432,0.314159265359,4.24696784652,15.4332355153
3.15,0.8178835,0.201607777778,1.11649675926,0.541052068118,4.85783308472,11.226130127
3.2,0.8295455,0.253534166667,0.888253549383,0.802851455917,5.34264676583,7.55231978795
3.25,0.84378,0.292312222222,0.61226558642,1.08210413624,5.64323124812,3.49065850399
3.3,0.8593865,0.31556,0.310076234568,1.37881010908,5.69171261623,-0.565615961294
3.35,0.8758505,0.324516111111,-0.0159854938272,1.65806278939,5.55596478552,-4.19633175094
3.4,0.8926575,0.314226111111,-0.343899845679,1.93731546971,5.29416539772,-8.19335121075
3.45,0.907921,0.287834166667,-0.626980709877,2.19911485751,4.77056662212,-12.7021184451
3.5,0.9218125,0.250199444444,-0.875867438272,2.42600766027,3.98516845872,-16.5159860698
3.55,0.9334745,0.199511666667,-1.09431820988,2.60054058547,3.08341501186,-19.6241804476
3.6,0.942221,0.138248055556,-1.25120895062,2.74016692563,2.02652118704,-22.5923175397
3.65,0.9475375,0.0707913888889,-1.32727237654,2.80998009571,0.814486984264,-25.1833773243
3.7,0.9492525,0.00314416666667,-1.34034660494,2.82743338823,-0.53329504922,-26.815583384
3.75,0.9478805,-0.0646936111111,-1.30641712963,2.75762021815,-1.91986217719,-27.1280188674
3.8,0.9427355,-0.13034,-1.2047875,2.63544717051,-3.29673303154,-26.0560419503
3.85,0.9345035,-0.187983055556,-1.03842191358,2.42600766027,-4.60572997054,-23.0771312208
3.9,0.9235275,-0.235621944444,-0.83262191358,2.16420827247,-5.67232006898,-18.3636648767
3.95,0.9104935,-0.271922777778,-0.603584722222,1.85004900711,-6.49650332687,-12.1472761211
4,0.895916,-0.296790277778,-0.353798148148,1.50098315672,-6.96192446073,-4.25558675641
4.05,0.8803095,-0.308604722222,-0.0800862654321,1.1344640138,-6.96192446073,4.49260677828
4.1,0.86436,-0.3044125,0.18865,0.785398163397,-6.48680705325,12.7505998132
4.15,0.8494395,-0.288310555556,0.434784259259,0.471238898038,-5.63353497449,19.81810592
4.2,0.835205,-0.262013888889,0.69584537037,0.209439510239,-4.45058959259,25.4796523516
4.25,0.822514,-0.219329444444,0.960982253086,0.0174532925199,-3.03493364375,29.5951818224
4.3,0.8127385,-0.163591944444,1.17816265432,-0.10471975512,-1.3962634016,31.3243506184
4.35,0.8058785,-0.0993747222222,1.33955262346,-0.12217304764,0.242406840555,29.8645227563
4.4,0.8024485,-0.0272494444444,1.4322367284,-0.0698131700798,1.66775906302,26.4708269886
4.45,0.802963,0.0484963888889,1.4193212963,0.0523598775598,2.89918581304,22.4468734354
4.5,0.8075935,0.118620833333,1.31361589506,0.226892802759,3.92699081699,18.0135216626
4.55,0.8151395,0.181218333333,1.16043040123,0.453785605519,4.73178152763,13.1115166647
4.6,0.825944,0.236574722222,0.95695941358,0.715584993318,5.20689893512,8.75358035337
4.65,0.839321,0.279163888889,0.702408950617,0.977384381117,5.55596478552,5.25214821202
4.7,0.854413,0.307937777778,0.417422530864,1.27409035396,5.77897907883,1.04504282373
4.75,0.8707055,0.3215625,0.113062962963,1.57079632679,5.6820163426,-3.50143214135
4.8,0.8871695,0.319656944444,-0.201671296296,1.85004900711,5.38143186032,-7.3099129474
4.85,0.9032905,0.301744722222,-0.519793209877,2.11184839491,4.95479582094,-11.1291673908
4.9,0.9180395,0.266873055556,-0.814572067901,2.35619449019,4.28575294101,-15.1477341253
4.95,0.930559,0.217709722222,-1.0503845679,2.54818070791,3.42278458863,-18.8161576457
5,0.940163,0.158923333333,-1.21648549383,2.70526034059,2.38528331106,-22.0805697652
5.05,0.94668,0.0938486111111,-1.32055,2.79252680319,1.19264165553,-24.8009131981
5.1,0.949767,0.0242005555556,-1.35659675926,2.82743338823,-0.0969627362219,-27.1334056861
5.15,0.949081,-0.0451616666667,-1.31679182099,2.79252680319,-1.57079632679,-28.1138066857
5.2,0.944965,-0.108997777778,-1.2306712963,2.67035375555,-3.03493364375,-26.4223456205
5.25,0.938105,-0.169308611111,-1.10760416667,2.47836753783,-4.28575294101,-22.9693948472
5.3,0.927815,-0.223045277778,-0.916889814815,2.23402144255,-5.34264676583,-18.8161576457
5.35,0.915124,-0.262299722222,-0.692457716049,1.93731546971,-6.19591884458,-13.7471612688
5.4,0.9012325,-0.291645277778,-0.466172993827,1.60570291183,-6.79708780916,-6.95976973326
5.45,0.885626,-0.310700833333,-0.20108904321,1.23918376892,-6.96192446073,1.31977057635
5.5,0.869505,-0.313845,0.103588117284,0.890117918517,-6.66133997845,9.71243407823
5.55,0.8535555,-0.300410833333,0.410223765432,0.558505360638,-5.96320827765,17.5179343441
5.6,0.8388065,-0.270874722222,0.679436419753,0.279252680319,-4.88692190558,24.4076754345
5.65,0.8261155,-0.230762777778,0.909055864198,0.0523598775598,-3.43248086226,29.0942076853
5.7,0.815311,-0.179789166667,1.12110185185,-0.0698131700798,-1.82289944097,30.4893937231
5.75,0.8075935,-0.116715277778,1.2860912037,-0.12217304764,-0.319977029532,30.0369009541
5.8,0.8034775,-0.0484011111111,1.38735030864,-0.10471975512,1.20233792915,28.5178180866
5.85,0.80262,0.0237241666667,1.43546558642,0,2.63738642524,24.7416581926
5.9,0.805707,0.0981361111111,1.40444737654,0.174532925199,3.74276161817,19.4787363432
5.95,0.812567,0.168736944444,1.26835895062,0.383972435439,4.5863374233,14.0488231148
6,0.8230285,0.228857222222,1.04080385802,0.645771823238,5.12932874614,9.06062901807
6.05,0.8360625,0.2744,0.766139197531,0.907571211037,5.4202169548,5.47300777786
6.1,0.850983,0.3061275,0.46860787037,1.18682389136,5.66262379536,2.24091657046
6.15,0.8672755,0.322229444444,0.151915123457,1.4835298642,5.6820163426,-1.60527196634
6.2,0.883911,0.321276666667,-0.16250154321,1.76278254451,5.5074834174,-5.60767824483
6.25,0.900032,0.304507777778,-0.44891712963,2.04203522483,5.12932874614,-9.77707590238
6.3,0.914781,0.275638611111,-0.715271450617,2.28638132011,4.50876723432,-13.6232644392
6.35,0.928158,0.232858888889,-0.968181018519,2.49582083035,3.76215416541,-17.3886506958
6.4,0.9386195,0.176930833333,-1.17451033951,2.67035375555,2.81191935044,-21.6657847269
6.45,0.9461655,0.112618333333,-1.31388055556,2.79252680319,1.55140377955,-24.9409704837
6.5,0.95011,0.0425891666667,-1.37829891975,2.82743338823,0.213318019688,-26.1745519612
6.55,0.950453,-0.0282975,-1.36427191358,2.80998009571,-1.08598264569,-26.6862997357
6.6,0.9471945,-0.0968022222222,-1.27635169753,2.72271363311,-2.45315722641,-26.799422928
6.65,0.940506,-0.1586375,-1.12464830247,2.56563400043,-3.82033180714,-25.4958128077
6.7,0.930902,-0.210468611111,-0.94065632716,2.33874119767,-5.10993619889,-21.7896815565
6.75,0.9190685,-0.252581388889,-0.748512808642,2.04203522483,-6.10865238198,-15.6163873504
6.8,0.9053485,-0.285928611111,-0.536678549383,1.71042266695,-6.70012507293,-8.43575805131
6.85,0.890085,-0.308604722222,-0.276411419753,1.36135681656,-6.97162073436,-0.673352334874
6.9,0.8737925,-0.315083611111,0.0195319444444,0.994837673637,-6.79708780916,7.60618797474
6.95,0.8580145,-0.306603888889,0.319286419753,0.663225115758,-6.17652629734,15.1908286748
7,0.8425795,-0.283546666667,0.619146759259,0.366519142919,-5.24568402961,21.8974179301
7.05,0.8288595,-0.242577222222,0.872426851852,0.12217304764,-3.93668709061,27.235755241
7.1,0.818055,-0.193128055556,1.06022993827,-0.0349065850399,-2.42406840555,30.2954682507
7.15,0.8093085,-0.136247222222,1.22781296296,-0.12217304764,-0.833879531508,31.3081901623
7.2,0.803992,-0.0695527777778,1.36437777778,-0.12217304764,0.804790710642,29.8429754816
7.25,0.8021055,0.00285833333333,1.43694768519,-0.0349065850399,2.27862430121,25.625096456
7.3,0.8041635,0.0780325,1.41858024691,0.12217304764,3.40339204139,20.3998823374
7.35,0.810166,0.147871111111,1.3161566358,0.314159265359,4.28575294101,15.605613713
7.4,0.819084,0.212755277778,1.13311743827,0.558505360638,4.95479582094,11.075299204
7.45,0.8319465,0.265158055556,0.861152314815,0.820304748437,5.37173558669,7.02979837609
7.5,0.8463525,0.300125,0.551499537037,1.09955742876,5.65292752174,3.16206256457
7.55,0.8624735,0.320609722222,0.228613734568,1.3962634016,5.69171261623,-0.716446884306
7.6,0.879109,0.323563333333,-0.100253395062,1.67551608191,5.55596478552,-4.22865266301
7.65,0.895573,0.309081111111,-0.397202469136,1.95476876223,5.29416539772,-8.20412484811
7.7,0.9104935,0.281545833333,-0.648788734568,2.21656815003,4.77056662212,-12.7398261758
7.75,0.924042,0.244196944444,-0.889841512346,2.44346095279,3.98516845872,-16.7045247236
7.8,0.9355325,0.192556388889,-1.11803179012,2.61799387799,3.07371873823,-20.1413150408
7.85,0.9437645,0.129768333333,-1.28556188272,2.75762021815,1.98773609255,-23.6265867261
7.9,0.948738,0.0606919444444,-1.37395848765,2.82743338823,0.678739153553,-26.3307697029
7.95,0.9499385,-0.0109569444444,-1.37856358025,2.82743338823,-0.70782797442,-27.6182193672
8,0.9475375,-0.0802238888889,-1.30546435185,2.75762021815,-2.12348392326,-27.6505402793
8.05,0.9417065,-0.14406,-1.16741743827,2.61799387799,-3.55853241934,-25.7274460109
8.1,0.9327885,-0.199130555556,-0.978714506173,2.39110107523,-4.78026289574,-21.8812574741
8.15,0.921298,-0.2426725,-0.768574074074,2.12930168743,-5.74989025796,-17.3778770584
8.2,0.9080925,-0.275352777778,-0.56081558642,1.81514242207,-6.59346606309,-11.1561014842
8.25,0.893515,-0.299743888889,-0.329502314815,1.44862327916,-6.96192446073,-3.01123164156
8.3,0.8775655,-0.310605555556,-0.052349845679,1.09955742876,-6.87465799813,5.07977001429
8.35,0.8617875,-0.305460555556,0.240047067901,0.750491578358,-6.44802195876,13.0791957526
8.4,0.846524,-0.286595555556,0.531914660494,0.436332312999,-5.57535733276,20.8523751064
8.45,0.832461,-0.251723888889,0.805414814815,0.174532925199,-4.28575294101,26.8263570214
8.5,0.820799,-0.203418055556,1.02206589506,0,-2.77313425595,30.0799955035
8.55,0.811881,-0.14749,1.18832561728,-0.10471975512,-1.19264165553,31.044236047
8.6,0.805707,-0.0833680555556,1.31578611111,-0.12217304764,0.426636039376,29.6975313773
8.65,0.803306,-0.0135294444444,1.38401558642,-0.0523598775598,1.85198826184,26.497761082
8.7,0.804335,0.0573572222222,1.38973225309,0.0698131700798,3.09311128548,22.570770265
8.75,0.8089655,0.128720277778,1.31541558642,0.261799387799,4.16939765754,17.4479057013
8.8,0.8175405,0.192651666667,1.15301990741,0.506145483078,4.83844053747,12.2819465881
8.85,0.828688,0.245721388889,0.936157098765,0.750491578358,5.34264676583,8.08022801849
8.9,0.842408,0.2889775,0.65471712963,1.0471975512,5.65292752174,3.89466990491
8.95,0.8583575,0.314035555556,0.316481018519,1.32645023152,5.72080143709,-0.021547274716
9,0.87465,0.319561666667,-0.0073575617284,1.62315620435,5.65292752174,-3.9754721851
9.05,0.890771,0.311653611111,-0.299436882716,1.90240888467,5.3329504922,-8.0263598317
9.1,0.9063775,0.289263333333,-0.574895524691,2.16420827247,4.82874426385,-11.7324910829
9.15,0.920269,0.253057777778,-0.822458950617,2.39110107523,4.1500051103,-15.3254991417
9.2,0.9321025,0.205609444444,-1.03699274691,2.58308729295,3.33551812603,-19.4679627059
9.25,0.941192,0.148442777778,-1.22066712963,2.74016692563,2.20105411224,-23.3895667042
9.3,0.947366,0.0816530555556,-1.35162114198,2.80998009571,0.901753446864,-25.474265533
9.35,0.9495955,0.0094325,-1.39317283951,2.82743338823,-0.387850944888,-26.5031479007
9.4,0.9482235,-0.0614541666667,-1.34373425926,2.77507351067,-1.75502552562,-26.9879615818
9.45,0.94325,-0.127576944444,-1.22315493827,2.65290046303,-3.13189637997,-26.2391937854
9.5,0.9351895,-0.1860775,-1.04472083333,2.46091424531,-4.46028586621,-23.578105358
9.55,0.9242135,-0.234002222222,-0.823464660494,2.19911485751,-5.59474988,-18.5845244425
9.6,0.9111795,-0.268111666667,-0.599614814815,1.88495559215,-6.36075549616,-12.3573620496
9.65,0.8971165,-0.293265,-0.380846450617,1.55334303427,-6.84556917727,-5.44607368446
9.7,0.88151,-0.308318888889,-0.121955555556,1.18682389136,-6.96192446073,2.63954115271
9.75,0.8655605,-0.306794444444,0.161559351852,0.837758040957,-6.61285861033,11.193809215
9.8,0.850297,-0.291359444444,0.424256064815,0.506145483078,-5.79837162607,18.5899112612
9.85,0.835891,-0.262013888889,0.621491651235,0.244346095279,-4.62512251778,22.9047530231
9.9,0.823543,-0.223693166667,0.695511898148,0.0349065850399,-3.34521439966,23.594265814
9.95,0.813596,-0.18650625,0.658697623457,-0.0872664625997,-2.12348392326,21.5257274413
10,0.8065645,-0.159495,0.598016265432,-0.12217304764,-1.27990811813,19.0370172116