Vernier Format 2
Untitled.cmbl 10/31/2024 11:09:53 .
Latest
Time	Position	Velocity 1	Acceleration 1	Angle 2	Velocity 2	Acceleration 2
t	x	v 1	acc 1	Angle 2	v 2	acc 2
s	m	m/s	m/s²	rad	rad/s	rad/s²

0.05	0.8449805	0.826058333333	-0.842329660494	0.0174532925199	0.601168964576	-2.08900828371
0.1	0.8875125	0.790472083333	-1.10538631173	0.0523598775598	0.489661817921	-1.81374184922
0.15	0.925757	0.739222166667	-1.61703856481	0.0698131700798	0.389790199612	-1.29768461977
0.2	0.9633155	0.648746388889	-2.47478205247	0.0872664625997	0.358762124021	-0.841959759527
0.25	0.993328	0.493443611111	-3.41096032407	0.10471975512	0.339369576777	-1.08328923635
0.3	1.0144225	0.29498	-4.07818530864	0.12217304764	0.290888208666	-2.07500255515
0.35	1.023855	0.0699338888889	-4.37261481481	0.13962634016	0.135747830711	-3.08664710306
0.4	1.021454	-0.157494166667	-4.2834242284	0.13962634016	-0.0872664625997	-2.88733481194
0.45	1.0075625	-0.371202222222	-3.86187299383	0.12217304764	-0.174532925199	-2.19782202103
0.5	0.9832095	-0.555755277778	-3.13781481481	0.12217304764	-0.252103114177	-2.23552975178
0.55	0.95011	-0.694289166667	-2.17720308642	0.10471975512	-0.436332312999	-1.60527196634
0.6	0.911694	-0.779372222222	-1.05933009259	0.0698131700798	-0.465421133865	-0.177765016407
0.65	0.869848	-0.804716111111	0.162872067901	0.0523598775598	-0.39754721851	0.339369576777
0.7	0.8285165	-0.763365555556	1.38851481481	0.0349065850399	-0.387850944888	0.140057285654
0.75	0.7911295	-0.661323055556	2.5039529321	0.0174532925199	-0.436332312999	0.732607340343
0.8	0.7602595	-0.505543888889	3.4258712963	-0.0174532925199	-0.339369576777	1.76148970803
0.85	0.738822	-0.306985	4.05639845679	-0.0174532925199	-0.213318019688	2.06853837273
0.9	0.7287035	-0.0858452777778	4.34217885802	-0.0349065850399	-0.135747830711	2.37020021876
0.95	0.7300755	0.140248888889	4.29353425926	-0.0349065850399	0.00969627362219	2.77421161968
1	0.7431095	0.356148333333	3.9189337963	-0.0349065850399	0.164836651577	2.74189070761
1.05	0.7667765	0.544417222222	3.23362191358	-0.0174532925199	0.31028075591	2.18166156499
1.1	0.79919	0.690668611111	2.2724279321	0	0.378154671265	1.55140377955
1.15	0.8381205	0.780039166667	1.10749830247	0.0174532925199	0.475117407487	0.716446884306
1.2	0.879795	0.804620833333	-0.141434567901	0.0523598775598	0.475117407487	-0.48481368111
1.25	0.9211265	0.764604166667	-1.36178410494	0.0698131700798	0.387850944888	-1.00194827429
1.3	0.958685	0.663514444444	-2.45837839506	0.0872664625997	0.349065850399	-1.02888236769
1.35	0.989555	0.5102125	-3.34514984568	0.10471975512	0.31028075591	-1.4113464939
1.4	1.011164	0.318894722222	-3.97488302469	0.12217304764	0.203621746066	-1.74532925199
1.45	1.022483	0.101661388889	-4.3134367284	0.12217304764	0.135747830711	-2.07392519141
1.5	1.021797	-0.126243055556	-4.30322083333	0.13962634016	0	-2.41868158687
1.55	1.009449	-0.343952777778	-3.91353472222	0.12217304764	-0.135747830711	-2.24630338914
1.6	0.9862965	-0.531935833333	-3.1857712963	0.12217304764	-0.213318019688	-2.18166156499
1.65	0.954226	-0.672565833333	-2.22325401235	0.10471975512	-0.349065850399	-2.04160427934
1.7	0.9163245	-0.751551111111	-1.24427484568	0.0872664625997	-0.465421133865	-1.04504282373
1.75	0.878423	-0.799285277778	-0.183303858025	0.0523598775598	-0.475117407487	0.301661846024
1.8	0.8340045	-0.785565277778	1.15042623457	0.0349065850399	-0.387850944888	0.818796439207
1.85	0.79576	-0.682284166667	2.43291805556	0.0174532925199	-0.358762124021	0.700286428269
1.9	0.763861	-0.526600277778	3.39315925926	0	-0.339369576777	0.926532812787
1.95	0.741566	-0.329661111111	4.02056342593	-0.0174532925199	-0.300584482288	1.77765016407
2	0.7300755	-0.111856111111	4.31497175926	-0.0349065850399	-0.164836651577	2.70956979553
2.05	0.7300755	0.113666388889	4.29962145062	-0.0349065850399	0	3.03277891627
2.1	0.7417375	0.330899722222	3.96027376543	-0.0349065850399	0.164836651577	2.74189070761
2.15	0.764204	0.5222175	3.30762098765	-0.0174532925199	0.300584482288	1.9230942684
2.2	0.7955885	0.67228	2.38617901235	0	0.349065850399	1.21742102145
2.25	0.83349	0.769463333333	1.25798425926	0.0174532925199	0.387850944888	1.03965600505
2.3	0.8751645	0.802048333333	0.0368936728395	0.0349065850399	0.475117407487	0.490200499789
2.35	0.9163245	0.770130277778	-1.13317037037	0.0698131700798	0.475117407487	-0.711060065627
2.4	0.954226	0.683618055556	-2.19488240741	0.0872664625997	0.378154671265	-1.5136960488
2.45	0.986468	0.548609444444	-3.17132083333	0.10471975512	0.31028075591	-1.99312291123
2.5	1.0113355	0.3610075	-3.97911759259	0.12217304764	0.174532925199	-2.2301429331
2.55	1.024198	0.135485	-4.43406898148	0.12217304764	0.048481368111	-1.78303698275
2.6	1.0250555	-0.0988983333333	-4.48292530864	0.12217304764	0	-1.44366740597
2.65	1.0140795	-0.326612222222	-4.15273487654	0.12217304764	-0.048481368111	-1.9230942684
2.7	0.9917845	-0.532888611111	-3.38834243827	0.12217304764	-0.184229198822	-2.52103114177
2.75	0.9581705	-0.680092777778	-2.29555925926	0.10471975512	-0.339369576777	-2.332492488
2.8	0.920955	-0.761269444444	-1.16805262346	0.0872664625997	-0.465421133865	-1.19048692806
2.85	0.880481	-0.795093055556	-0.0518734567901	0.0523598775598	-0.475117407487	0.26934093395
2.9	0.8391495	-0.770035	1.11353256173	0.0349065850399	-0.387850944888	0.813409620528
2.95	0.800905	-0.682665277778	2.23484614198	0.0174532925199	-0.358762124021	0.700286428269
3	0.768663	-0.539653333333	3.18910601852	0	-0.339369576777	0.926532812787
3.05	0.7451675	-0.3524325	3.87023626543	-0.0174532925199	-0.300584482288	1.77765016407
3.1	0.7324765	-0.139963055556	4.23663225309	-0.0349065850399	-0.164836651577	2.70956979553
3.15	0.7307615	0.0829869444444	4.29723950617	-0.0349065850399	0	3.0273920976
3.2	0.74088	0.302221111111	4.04522978395	-0.0349065850399	0.164836651577	2.70956979553
3.25	0.7619745	0.498874444444	3.49351851852	-0.0174532925199	0.300584482288	1.77765016407
3.3	0.791987	0.661799444444	2.66444305556	0	0.339369576777	0.926532812787
3.35	0.829717	0.780706111111	1.49766080247	0.0174532925199	0.358762124021	0.700286428269
3.4	0.873621	0.819007777778	0.151809259259	0.0349065850399	0.387850944888	0.813409620528
3.45	0.914095	0.792139444444	-1.1491558642	0.0523598775598	0.475117407487	0.26934093395
3.5	0.9550835	0.703340555556	-2.39485987654	0.0872664625997	0.465421133865	-1.19048692806
3.55	0.987497	0.544607777778	-3.41766682099	0.10471975512	0.339369576777	-2.332492488
3.6	1.0113355	0.342618888889	-4.02829151235	0.12217304764	0.184229198822	-2.52103114177
3.65	1.0219685	0.12691	-4.27606666667	0.12217304764	0.048481368111	-1.9230942684
3.7	1.0240265	-0.0906091666667	-4.30247978395	0.12217304764	0	-1.44366740597
3.75	1.0137365	-0.317656111111	-3.97964691358	0.12217304764	-0.048481368111	-1.78303698275
3.8	0.990584	-0.507735277778	-3.24362608025	0.12217304764	-0.174532925199	-2.2301429331
3.85	0.960743	-0.647698333333	-2.33028271605	0.10471975512	-0.31028075591	-1.99312291123
3.9	0.9242135	-0.742785555556	-1.32600200617	0.0872664625997	-0.378154671265	-1.5136960488
3.95	0.8844255	-0.784707777778	-0.222738271605	0.0698131700798	-0.475117407487	-0.711060065627
4	0.843437	-0.768510555556	0.947696296296	0.0349065850399	-0.475117407487	0.490200499789
4.05	0.805021	-0.689048888889	2.08732438272	0.0174532925199	-0.387850944888	1.03965600505
4.1	0.7722645	-0.5530875	3.06381574074	0	-0.349065850399	1.21742102145
4.15	0.7479115	-0.371869166667	3.77792268519	-0.0174532925199	-0.300584482288	1.9230942684
4.2	0.73402	-0.162925	4.18115941358	-0.0349065850399	-0.164836651577	2.74189070761
4.25	0.7311045	0.0587863888889	4.261775	-0.0349065850399	0	3.03277891627
4.3	0.7400225	0.276781944444	4.00373101852	-0.0349065850399	0.164836651577	2.70956979553
4.35	0.759745	0.471529722222	3.43132330247	-0.0174532925199	0.300584482288	1.77765016407
4.4	0.788557	0.630548333333	2.5851507716	0	0.339369576777	0.926532812787
4.45	0.8247435	0.739736666667	1.5048595679	0.0174532925199	0.358762124021	0.700286428269
4.5	0.865046	0.786708611111	0.289326851852	0.0349065850399	0.387850944888	0.813409620528
4.55	0.9060345	0.768415277778	-0.927899691358	0.0523598775598	0.475117407487	0.26934093395
4.6	0.944279	0.68943	-2.04259675926	0.0872664625997	0.465421133865	-1.19048692806
4.65	0.9770355	0.557565555556	-2.99129876543	0.10471975512	0.339369576777	-2.332492488
4.7	1.0017315	0.382349722222	-3.72668441358	0.12217304764	0.184229198822	-2.52103114177
4.75	1.016652	0.173786666667	-4.1762367284	0.12217304764	0.048481368111	-1.9230942684
4.8	1.019739	-0.0500208333333	-4.2662742284	0.12217304764	0	-1.44366740597
4.85	1.0113355	-0.267254166667	-3.99753796296	0.12217304764	-0.048481368111	-1.78303698275
4.9	0.9921275	-0.462001944444	-3.41549660494	0.12217304764	-0.174532925199	-2.2301429331
4.95	0.9636585	-0.619305555556	-2.56990632716	0.10471975512	-0.31028075591	-1.99312291123
5	0.928158	-0.726111944444	-1.53963595679	0.0872664625997	-0.378154671265	-1.50830923012
5.05	0.8888845	-0.777371388889	-0.399743209877	0.0698131700798	-0.475117407487	-0.678739153553
5.1	0.8480675	-0.768510555556	0.792181790123	0.0349065850399	-0.475117407487	0.635644604121
5.15	0.80948	-0.696480555556	1.9381617284	0.0174532925199	-0.378154671265	1.33054421371
5.2	0.776209	-0.568427222222	2.93037391975	0	-0.319977029532	1.55679059823
5.25	0.750827	-0.39445	3.69222561728	-0.0174532925199	-0.213318019688	1.59988514766
5.3	0.735392	-0.186935	4.14775925926	-0.0174532925199	-0.164836651577	1.76148970803
5.35	0.731619	0.0343	4.2572757716	-0.0349065850399	-0.0872664625997	2.70956979553
5.4	0.7389935	0.251723888889	4.03543734568	-0.0349065850399	0.135747830711	3.04355255363
5.45	0.7575155	0.450282777778	3.49664151235	-0.0174532925199	0.290888208666	2.03621746066
5.5	0.78547	0.612540833333	2.6755587963	0	0.339369576777	0.921145994108
5.55	0.8206275	0.727064722222	1.62580941358	0.0174532925199	0.349065850399	0.409398219604
5.6	0.860587	0.781373055556	0.427267901235	0.0349065850399	0.358762124021	0.333982758098
5.65	0.901404	0.770320833333	-0.790435030864	0.0523598775598	0.378154671265	0.301661846024
5.7	0.9399915	0.698576666667	-1.92042947531	0.0698131700798	0.436332312999	-0.549455505257
5.75	0.973434	0.5719525	-2.88866342593	0.10471975512	0.339369576777	-1.68607424653
5.8	0.9989875	0.400261944444	-3.62134953704	0.10471975512	0.213318019688	-1.87999971897
5.85	1.014594	0.19894	-4.07704197531	0.12217304764	0.145444104333	-1.89077335633
5.9	1.0195675	-0.0192461111111	-4.22615169753	0.12217304764	0.0290888208666	-1.9230942684
5.95	1.0127075	-0.2375275	-4.02807978395	0.12217304764	-0.0387850944888	-2.07392519141
6	0.995043	-0.436086388889	-3.48737839506	0.12217304764	-0.174532925199	-2.23552975178
6.05	0.967603	-0.597868055556	-2.6623257716	0.10471975512	-0.300584482288	-1.73455561464
6.1	0.9331315	-0.708295	-1.66688472222	0.0872664625997	-0.349065850399	-1.17432647202
6.15	0.894887	-0.768129444444	-0.566267592593	0.0698131700798	-0.387850944888	-1.00194827429
6.2	0.85407	-0.769749166667	0.630580092593	0.0523598775598	-0.475117407487	-0.344756395456
6.25	0.8151395	-0.704579166667	1.80614907407	0.0174532925199	-0.465421133865	1.00733509297
6.3	0.781354	-0.582147222222	2.82006342593	0	-0.349065850399	1.89616017501
6.35	0.7551145	-0.413219722222	3.59779475309	-0.0174532925199	-0.22301429331	1.89077335633
6.4	0.7386505	-0.210373333333	4.07413070988	-0.0174532925199	-0.164836651577	1.90693381236
6.45	0.7335055	0.00762222222222	4.21635925926	-0.0349065850399	-0.0872664625997	2.74189070761
6.5	0.739508	0.223712222222	4.03914259259	-0.0349065850399	0.135747830711	3.04893937231
6.55	0.7564865	0.423700277778	3.55476095679	-0.0174532925199	0.290888208666	2.03083064198
6.6	0.7832405	0.589769444444	2.80545416667	0	0.339369576777	0.888825082034
6.65	0.8171975	0.712106111111	1.85373503086	0.0174532925199	0.349065850399	0.263954115271
6.7	0.8566425	0.780229722222	0.754388271605	0.0349065850399	0.349065850399	0.043094549432
6.75	0.897288	0.792234722222	-0.465273148148	0.0523598775598	0.349065850399	-0.037707730753
6.8	0.9382765	0.740689444444	-1.79556265432	0.0698131700798	0.349065850399	-0.226246384518
6.85	0.9749775	0.607681666667	-2.98637608025	0.0872664625997	0.339369576777	-0.705673246948
6.9	1.001217	0.421413611111	-3.74097608025	0.10471975512	0.300584482288	-1.55679059823
6.95	1.0175095	0.217519166667	-4.11737623457	0.12217304764	0.174532925199	-2.2301429331
7	1.0233405	0.00238194444444	-4.26283364198	0.12217304764	0.0387850944888	-2.21398247707
7.05	1.0178525	-0.215137222222	-4.1888875	0.12217304764	-0.0387850944888	-2.21936929575
7.1	1.0020745	-0.430846111111	-3.7557441358	0.12217304764	-0.174532925199	-2.26785066386
7.15	0.9736055	-0.614732222222	-2.81545833333	0.10471975512	-0.300584482288	-1.73994243332
7.2	0.937076	-0.722777222222	-1.62178657407	0.0872664625997	-0.349065850399	-1.17432647202
7.25	0.899003	-0.770987777778	-0.486340123457	0.0698131700798	-0.387850944888	-1.00194827429
7.3	0.8583575	-0.770511388889	0.626927777778	0.0523598775598	-0.475117407487	-0.344756395456
7.35	0.819427	-0.709057222222	1.723575	0.0174532925199	-0.465421133865	1.00733509297
7.4	0.7852985	-0.593675833333	2.70742391975	0	-0.349065850399	1.89077335633
7.45	0.7582015	-0.430941388889	3.50167006173	-0.0174532925199	-0.22301429331	1.85306562557
7.5	0.7407085	-0.232001388889	4.01066512346	-0.0174532925199	-0.164836651577	1.72916879596
7.55	0.734363	-0.0161972222222	4.18576450617	-0.0349065850399	-0.0969627362219	2.30555839461
7.6	0.739165	0.198844722222	4.04432993827	-0.0349065850399	0.0969627362219	2.41868158687
7.65	0.7547715	0.399880833333	3.59895925926	-0.0174532925199	0.174532925199	2.01467018594
7.7	0.780325	0.570618611111	2.8554220679	-0.0174532925199	0.252103114177	2.19243520235
7.75	0.813596	0.69629	1.85002978395	0	0.436332312999	1.56756423559
7.8	0.852355	0.762698611111	0.675043055556	0.0349065850399	0.465421133865	0.026934093395
7.85	0.892486	0.764318333333	-0.525086419753	0.0523598775598	0.387850944888	-0.667965516195
7.9	0.9310735	0.706865833333	-1.64989351852	0.0698131700798	0.358762124021	-0.662578697516
7.95	0.9653735	0.593961666667	-2.63612438272	0.0872664625997	0.339369576777	-0.883438263355
8	0.992299	0.434943055556	-3.41417330247	0.10471975512	0.300584482288	-1.59449832898
8.05	1.010135	0.242958333333	-3.94333549383	0.12217304764	0.174532925199	-2.23552975178
8.1	1.0175095	0.0290597222222	-4.17406651235	0.12217304764	0.0387850944888	-2.21398247707
8.15	1.013222	-0.188745277778	-4.05226975309	0.12217304764	-0.0387850944888	-2.21398247707
8.2	0.9979585	-0.390067222222	-3.58720833333	0.12217304764	-0.174532925199	-2.23552975178
8.25	0.9729195	-0.558994722222	-2.83324351852	0.10471975512	-0.300584482288	-1.59449832898
8.3	0.940163	-0.681140833333	-1.87580771605	0.0872664625997	-0.339369576777	-0.883438263355
8.35	0.902776	-0.75117	-0.792605246914	0.0698131700798	-0.358762124021	-0.657191878837
8.4	0.8628165	-0.763841944444	0.369518981481	0.0523598775598	-0.387850944888	-0.635644604121
8.45	0.823886	-0.7142975	1.52597947531	0.0349065850399	-0.465421133865	0.172378197728
8.5	0.7890715	-0.606538333333	2.56604228395	0	-0.426636039376	1.85845244425
8.55	0.7612885	-0.449520555556	3.39845246914	-0.0174532925199	-0.22301429331	2.53180477913
8.6	0.742595	-0.255058611111	3.94148287037	-0.0174532925199	-0.0872664625997	1.69684788388
8.65	0.735049	-0.0416363888889	4.14855324074	-0.0174532925199	-0.0969627362219	1.47060149937
8.7	0.738479	0.172071666667	4.03998950617	-0.0349065850399	0.00969627362219	2.1277933782
8.75	0.7527135	0.373584166667	3.63548240741	-0.0174532925199	0.145444104333	2.3594265814
8.8	0.776895	0.547370833333	2.93561419753	-0.0174532925199	0.242406840555	2.48332341102
8.85	0.809137	0.678187222222	1.97002685185	0	0.436332312999	1.71300833992
8.9	0.8470385	0.751646388889	0.827858024691	0.0349065850399	0.465421133865	0.0592550054689
8.95	0.8868265	0.7623175	-0.35887962963	0.0523598775598	0.387850944888	-0.662578697516
9	0.9255855	0.71344	-1.49342623457	0.0698131700798	0.358762124021	-0.662578697516
9.05	0.9604	0.608348611111	-2.50718179012	0.0872664625997	0.339369576777	-0.883438263355
9.1	0.9883545	0.454760833333	-3.32133040123	0.10471975512	0.300584482288	-1.59449832898
9.15	1.0072195	0.266396666667	-3.88325756173	0.12217304764	0.174532925199	-2.23552975178
9.2	1.015966	0.0545941666667	-4.14225432099	0.12217304764	0.0387850944888	-2.21398247707
9.25	1.012879	-0.161972222222	-4.05205802469	0.12217304764	-0.0387850944888	-2.21398247707
9.3	0.999159	-0.363961111111	-3.62685447531	0.12217304764	-0.174532925199	-2.2301429331
9.35	0.9753205	-0.536223333333	-2.90957160494	0.10471975512	-0.300584482288	-1.55679059823
9.4	0.9437645	-0.664086111111	-1.96462777778	0.0872664625997	-0.339369576777	-0.705673246948
9.45	0.9067205	-0.737640555556	-0.887618364198	0.0698131700798	-0.349065850399	-0.220859565839
9.5	0.86779	-0.754504722222	0.239782407407	0.0523598775598	-0.349065850399	-0.00538681867899
9.55	0.829031	-0.713916388889	1.36612453704	0.0349065850399	-0.349065850399	0.188538653765
9.6	0.794045	-0.6148275	2.40825169753	0.0174532925199	-0.339369576777	0.554842323936
9.65	0.765576	-0.465908333333	3.26781604938	0	-0.31028075591	1.22819465881
9.7	0.7458535	-0.277353611111	3.8588029321	-0.0174532925199	-0.203621746066	1.70762152124
9.75	0.7369355	-0.0663133333333	4.10872712963	-0.0174532925199	-0.135747830711	2.05991946285
9.8	0.739165	0.14749	4.00062390432	-0.0349065850399	0	2.36319735447
9.85	0.752199	0.348621388889	3.52738976852	-0.0174532925199	0.135747830711	2.00443523045
9.9	0.7750085	0.513699666667	2.81328282407	-0.0174532925199	0.197803981893	1.659678835
9.95	0.8062215	0.627642361111	2.12599657407	0	0.295736345477	1.36501985326
10	0.8429225	0.694193888889	1.65113212963	0.0174532925199	0.329673303155	0.994406728143
