Vernier Format 2
Untitled.cmbl 10/31/2024 11:34:11 .
Latest
Time	Position	Velocity 1	Acceleration 1	Angle 2	Velocity 2	Acceleration 2
t	x	v 1	acc 1	Angle 2	v 2	acc 2
s	m	m/s	m/s²	rad	rad/s	rad/s²

0.05	0.84721	0.649032222222	-0.486170740741	-0.0349065850399	-1.0471975512	0.442796495413
0.1	0.8799665	0.633216111111	-0.779594537037	-0.0872664625997	-1.03265314076	0.720756339249
0.15	0.9122085	0.5949335	-1.28691694444	-0.13962634016	-1.00647320198	1.33323762305
0.2	0.941535	0.516119722222	-1.99473555556	-0.191986217719	-0.901753446864	2.10463005788
0.25	0.965545	0.392544444444	-2.6864416358	-0.226892802759	-0.814486984264	3.28003389364
0.3	0.982009	0.238099166667	-3.16741444444	-0.279252680319	-0.610865238198	4.98172991433
0.35	0.9900695	0.0653605555556	-3.38897762346	-0.296705972839	-0.252103114177	5.52687596465
0.4	0.9886975	-0.111475	-3.33657484568	-0.296705972839	-0.00969627362219	5.17134593184
0.45	0.978579	-0.278973333333	-3.01527700617	-0.296705972839	0.22301429331	5.32756367353
0.5	0.9598855	-0.423319166667	-2.44345154321	-0.279252680319	0.523598775598	5.30062958013
0.55	0.934675	-0.530030277778	-1.69509753086	-0.244346095279	0.814486984264	4.08320855868
0.6	0.9053485	-0.596629444444	-0.836803549383	-0.191986217719	0.979323635841	1.9230942684
0.65	0.873278	-0.617876388889	0.112798302469	-0.13962634016	0.998716183086	-0.118510010938
0.7	0.841379	-0.586148888889	1.07362175926	-0.0872664625997	0.911449720486	-1.18510010938
0.75	0.8127385	-0.506115555556	1.93482700617	-0.0523598775598	0.862968352375	-1.90693381236
0.8	0.789243	-0.386351388889	2.63570092593	0	0.775701889775	-3.44756395456
0.85	0.772779	-0.234192777778	3.12161759259	0.0349065850399	0.513902501976	-4.82658953638
0.9	0.7650615	-0.0631691666667	3.33906265432	0.0523598775598	0.22301429331	-4.96664682203
0.95	0.7664335	0.110141111111	3.29216481481	0.0523598775598	0	-4.65959815733
1	0.7763805	0.275352777778	2.99839166667	0.0523598775598	-0.213318019688	-4.70807952544
1.05	0.794731	0.420079722222	2.45218533951	0.0349065850399	-0.48481368111	-4.49260677828
1.1	0.81977	0.530030277778	1.67985308642	0	-0.688435427176	-3.7707730753
1.15	0.849611	0.593866388889	0.763810185185	-0.0349065850399	-0.862968352375	-2.88733481194
1.2	0.881167	0.607491111111	-0.190237962963	-0.0872664625997	-0.998716183086	-1.50830923012
1.25	0.9122085	0.573381666667	-1.11109768519	-0.13962634016	-1.02780500395	0.220859565839
1.3	0.9403345	0.493157777778	-1.94424891975	-0.191986217719	-0.989019909463	2.21398247707
1.35	0.963144	0.372631388889	-2.61765108025	-0.244346095279	-0.814486984264	4.22326584433
1.4	0.9787505	0.222759444444	-3.07519614198	-0.279252680319	-0.523598775598	5.30062958013
1.45	0.986125	0.0551658333333	-3.28147253086	-0.296705972839	-0.22301429331	5.18750638787
1.5	0.98441	-0.116048333333	-3.21895972222	-0.296705972839	0	4.88045772317
1.55	0.97412	-0.277163055556	-2.89348024691	-0.296705972839	0.22301429331	5.18750638787
1.6	0.9557695	-0.414839444444	-2.3321882716	-0.279252680319	0.523598775598	5.30062958013
1.65	0.931245	-0.517739444444	-1.58785709877	-0.244346095279	0.814486984264	4.22326584433
1.7	0.9022615	-0.577669166667	-0.735120987654	-0.191986217719	0.989019909463	2.21398247707
1.75	0.8717345	-0.592723055556	0.161019444444	-0.13962634016	1.02780500395	0.226246384518
1.8	0.8412075	-0.562043611111	1.06033580247	-0.0872664625997	0.998716183086	-1.47598831804
1.85	0.813596	-0.483915833333	1.8867117284	-0.0349065850399	0.862968352375	-2.74189070761
1.9	0.791301	-0.367105277778	2.55926697531	0	0.698131700798	-3.47988486663
1.95	0.7756945	-0.220091666667	3.02829830247	0.0349065850399	0.513902501976	-4.14785038283
2	0.7684915	-0.0539272222222	3.23944444444	0.0523598775598	0.300584482288	-4.99896773411
2.05	0.7702065	0.115190833333	3.1725912037	0.0698131700798	0	-5.49994187125
2.1	0.7804965	0.272970833333	2.85769814815	0.0523598775598	-0.300584482288	-5.03128864618
2.15	0.7983325	0.409313333333	2.32440725309	0.0349065850399	-0.513902501976	-4.29329448716
2.2	0.8226855	0.513261388889	1.59579691358	0	-0.70782797442	-3.7707730753
2.25	0.851326	0.575096666667	0.720088271605	-0.0349065850399	-0.892057173242	-3.08126028439
2.3	0.882196	0.587673333333	-0.215327777778	-0.0872664625997	-1.08598264569	-1.15816601598
2.35	0.912037	0.551467777778	-1.10913919753	-0.157079632679	-1.02780500395	1.17432647202
2.4	0.9389625	0.472958888889	-1.90603194444	-0.191986217719	-0.901753446864	2.39174749347
2.45	0.9609145	0.355290833333	-2.55445015432	-0.244346095279	-0.79509443702	3.59300805889
2.5	0.9756635	0.208658333333	-2.98457638889	-0.279252680319	-0.542991322843	4.67037179469
2.55	0.982352	0.0468766666667	-3.16682160494	-0.296705972839	-0.31028075591	5.36527140428
2.6	0.9804655	-0.117858611111	-3.09737469136	-0.314159265359	0	5.82853781067
2.65	0.9701755	-0.272589722222	-2.78015262346	-0.296705972839	0.31028075591	5.49994187125
2.7	0.9523395	-0.405025833333	-2.23489907407	-0.279252680319	0.552687596465	4.92893909128
2.75	0.9283295	-0.503733611111	-1.50364212963	-0.244346095279	0.824183257886	3.78693353133
2.8	0.9002035	-0.559280555556	-0.669114660494	-0.191986217719	0.979323635841	1.77765016407
2.85	0.8707055	-0.571380833333	0.195266512346	-0.13962634016	0.998716183086	-0.145444104333
2.9	0.841379	-0.539748611111	1.0547779321	-0.0872664625997	0.911449720486	-1.15816601598
2.95	0.814968	-0.464002777778	1.85479367284	-0.0523598775598	0.862968352375	-1.76148970803
3	0.793359	-0.348526111111	2.51019891975	0	0.785398163397	-3.15667574589
3.05	0.778953	-0.203799166667	2.94328935185	0.0349065850399	0.542991322843	-4.4872199596
3.1	0.772436	-0.0443994444444	3.12892222222	0.0523598775598	0.31028075591	-5.29524276145
3.15	0.7743225	0.119097222222	3.06005756173	0.0698131700798	0	-5.67770688766
3.2	0.784784	0.271732222222	2.74018888889	0.0523598775598	-0.300584482288	-5.21444048127
3.25	0.8024485	0.401214722222	2.21065617284	0.0349065850399	-0.523598775598	-4.62189042658
3.3	0.8261155	0.499350833333	1.5091470679	0	-0.736916795286	-4.25558675641
3.35	0.8538985	0.5582325	0.664086111111	-0.0349065850399	-0.989019909463	-3.04893937231
3.4	0.883911	0.568808333333	-0.249892438272	-0.10471975512	-1.11507146655	-0.517134593184
3.45	0.912723	0.531173611111	-1.12274274691	-0.157079632679	-1.02780500395	1.8207447135
3.5	0.9386195	0.452093055556	-1.88824675926	-0.209439510239	-0.872664625997	3.03277891627
3.55	0.959371	0.336711666667	-2.50363533951	-0.244346095279	-0.698131700798	3.62532897096
3.6	0.973434	0.193413888889	-2.91041851852	-0.279252680319	-0.513902501976	4.18555811358
3.65	0.979265	0.0357291666667	-3.07217901235	-0.296705972839	-0.300584482288	5.04206228354
3.7	0.9770355	-0.123289444444	-2.99071651235	-0.314159265359	0	5.67770688766
3.75	0.966574	-0.272589722222	-2.67217114198	-0.296705972839	0.31028075591	5.47300777786
3.8	0.9489095	-0.399595	-2.13041111111	-0.279252680319	0.552687596465	4.95587318468
3.85	0.9252425	-0.492681388889	-1.41582777778	-0.244346095279	0.824183257886	3.93237763567
3.9	0.897974	-0.5445125	-0.609460185185	-0.191986217719	0.989019909463	2.06853837273
3.95	0.869162	-0.554516666667	0.228190277778	-0.13962634016	1.02780500395	0.193925472444
4	0.8408645	-0.521741111111	1.06240015432	-0.0872664625997	0.998716183086	-1.48137513672
4.05	0.815311	-0.446662222222	1.84283101852	-0.0349065850399	0.862968352375	-2.74189070761
4.1	0.7945595	-0.3318525	2.48108626543	0	0.698131700798	-3.47988486663
4.15	0.781011	-0.189031111111	2.89183935185	0.0349065850399	0.513902501976	-4.15323720151
4.2	0.77518	-0.0328708333333	3.05534660494	0.0523598775598	0.300584482288	-5.03667546486
4.25	0.777581	0.126147777778	2.97081404321	0.0698131700798	0	-5.67770688766
4.3	0.788214	0.274304722222	2.63882391975	0.0523598775598	-0.31028075591	-5.47300777786
4.35	0.80605	0.39788	2.10452731481	0.0349065850399	-0.552687596465	-4.95587318468
4.4	0.8292025	0.490299444444	1.41794506173	0	-0.824183257886	-3.93237763567
4.45	0.856471	0.545751111111	0.591357407407	-0.0523598775598	-0.989019909463	-2.06853837273
4.5	0.8857975	0.552515833333	-0.302506944444	-0.10471975512	-1.02780500395	-0.193925472444
4.55	0.9135805	0.512975555556	-1.14698564815	-0.157079632679	-0.998716183086	1.48137513672
4.6	0.9386195	0.433513888889	-1.88618240741	-0.209439510239	-0.862968352375	2.74189070761
4.65	0.958342	0.318704166667	-2.47473441358	-0.244346095279	-0.698131700798	3.47988486663
4.7	0.9715475	0.177883611111	-2.85764521605	-0.279252680319	-0.513902501976	4.15323720151
4.75	0.9766925	0.0229619444444	-2.99595679012	-0.296705972839	-0.300584482288	5.03667546486
4.8	0.973777	-0.131292777778	-2.89183935185	-0.314159265359	0	5.67770688766
4.85	0.963144	-0.274685833333	-2.56694212963	-0.296705972839	0.31028075591	5.47300777786
4.9	0.9454795	-0.396450833333	-2.03137515432	-0.279252680319	0.552687596465	4.95587318468
4.95	0.9221555	-0.484773333333	-1.32610787037	-0.244346095279	0.824183257886	3.93237763567
5	0.8954015	-0.532983888889	-0.522333950617	-0.191986217719	0.989019909463	2.06853837273
5.05	0.867104	-0.5376525	0.304465432099	-0.13962634016	1.02780500395	0.193925472444
5.1	0.840007	-0.500589444444	1.09156574074	-0.0872664625997	0.998716183086	-1.48137513672
5.15	0.815654	-0.426558611111	1.81721188272	-0.0349065850399	0.862968352375	-2.74189070761
5.2	0.79576	-0.314607222222	2.42561342593	0	0.698131700798	-3.47988486663
5.25	0.783069	-0.17493	2.82191604938	0.0349065850399	0.513902501976	-4.15323720151
5.3	0.777924	-0.02401	3.00029722222	0.0523598775598	0.300584482288	-5.03667546486
5.35	0.780325	0.134055833333	2.93503194444	0.0698131700798	0	-5.67770688766
5.4	0.791644	0.281641111111	2.5809162037	0.0523598775598	-0.31028075591	-5.47300777786
5.45	0.80948	0.404358888889	1.96468070988	0.0349065850399	-0.552687596465	-4.96126000335
5.5	0.8343475	0.479723611111	1.26830601852	0	-0.824183257886	-3.96469854774
5.55	0.8583575	0.526790833333	0.591939660494	-0.0523598775598	-0.989019909463	-2.21936929575
5.6	0.887341	0.551467777778	-0.310552623457	-0.10471975512	-1.03750127757	-0.517134593184
5.65	0.916839	0.505639166667	-1.35532638889	-0.157079632679	-1.02780500395	0.996561455614
5.7	0.940849	0.397594166667	-2.05858225309	-0.209439510239	-0.959931088597	2.77421161968
5.75	0.956284	0.2821175	-2.40189984568	-0.261799387799	-0.727220521664	4.12091628943
5.8	0.9691465	0.159018611111	-2.6882095679	-0.279252680319	-0.513902501976	4.79965544298
5.85	0.9736055	0.0103852777778	-2.86299135802	-0.314159265359	-0.271495661421	5.67770688766
5.9	0.9701755	-0.139010277778	-2.78475771605	-0.314159265359	0.0969627362219	5.71002779973
5.95	0.9591995	-0.277734722222	-2.46859429012	-0.296705972839	0.339369576777	4.98819409675
6	0.941535	-0.393973611111	-1.94054367284	-0.279252680319	0.562383870087	4.63805088261
6.05	0.918554	-0.478389722222	-1.24670972222	-0.244346095279	0.824183257886	3.81386762473
6.1	0.892143	-0.523456111111	-0.439389351852	-0.191986217719	0.989019909463	2.18704838367
6.15	0.86436	-0.523360833333	0.394820524691	-0.13962634016	1.03750127757	0.511747774505
6.2	0.8381205	-0.480866944444	1.1663587963	-0.0872664625997	1.02780500395	-0.996561455614
6.25	0.814968	-0.403215555556	1.84637746914	-0.0349065850399	0.959931088597	-2.77421161968
6.3	0.796446	-0.292121666667	2.4053933642	0.0174532925199	0.727220521664	-4.12091628943
6.35	0.7846125	-0.154254722222	2.75998549383	0.0349065850399	0.513902501976	-4.79965544298
6.4	0.780668	-0.0060025	2.87177808642	0.0698131700798	0.271495661421	-5.67770688766
6.45	0.784098	0.141106388889	2.76570216049	0.0698131700798	-0.0969627362219	-5.71002779973
6.5	0.795074	0.279068611111	2.44059320988	0.0523598775598	-0.339369576777	-4.98819409675
6.55	0.81291	0.394164166667	1.89989182099	0.0349065850399	-0.562383870087	-4.63805088261
6.6	0.835891	0.475245555556	1.20267021605	0	-0.824183257886	-3.81925444341
6.65	0.861959	0.517548888889	0.417845987654	-0.0523598775598	-0.989019909463	-2.21936929575
6.7	0.8892275	0.518882777778	-0.408847530864	-0.10471975512	-1.03750127757	-0.657191878837
6.75	0.9156385	0.476007777778	-1.21209212963	-0.157079632679	-1.03750127757	0.705673246948
6.8	0.938448	0.392925555556	-1.90275015432	-0.209439510239	-0.989019909463	2.43484204291
6.85	0.9561125	0.279068611111	-2.42815416667	-0.261799387799	-0.814486984264	4.44951222885
6.9	0.96726	0.142535555556	-2.75728595679	-0.296705972839	-0.513902501976	5.81237735464
6.95	0.9708615	-0.00590722222222	-2.8554220679	-0.314159265359	-0.184229198822	6.14636011273
7	0.966574	-0.152539722222	-2.71472854938	-0.314159265359	0.135747830711	5.66154643162
7.05	0.9550835	-0.285928611111	-2.35457854938	-0.296705972839	0.378154671265	5.03667546486
7.1	0.937076	-0.396165	-1.78979305556	-0.279252680319	0.649650332687	4.16939765754
7.15	0.914095	-0.471148611111	-1.07896790123	-0.226892802759	0.824183257886	2.80653253176
7.2	0.88837	-0.507354166667	-0.297954783951	-0.191986217719	0.901753446864	1.89077335633
7.25	0.861273	-0.496111388889	0.411547067901	-0.13962634016	1.00841245671	0.996561455614
7.3	0.838292	-0.463431111111	1.07060462963	-0.0872664625997	1.02780500395	-0.409398219604
7.35	0.813596	-0.395783888889	1.81641790123	-0.0349065850399	0.989019909463	-2.2570770265
7.4	0.7962745	-0.276781944444	2.43614691358	0.0174532925199	0.814486984264	-4.26636039376
7.45	0.7852985	-0.138724444444	2.76856049383	0.0523598775598	0.523598775598	-5.48378141522
7.5	0.78204	0.0101947222222	2.84404166667	0.0698131700798	0.213318019688	-5.66154643162
7.55	0.786499	0.154540555556	2.68556296296	0.0698131700798	-0.0387850944888	-5.6938673437
7.6	0.7979895	0.286214444444	2.33160601852	0.0698131700798	-0.349065850399	-5.67770688766
7.65	0.815997	0.395116944444	1.79259845679	0.0349065850399	-0.649650332687	-4.81581589902
7.7	0.8388065	0.471529722222	1.10458703704	0	-0.853272078753	-3.44756395456
7.75	0.864703	0.508973888889	0.327490895062	-0.0523598775598	-0.998716183086	-1.9230942684
7.8	0.8912855	0.505734444444	-0.483481790123	-0.10471975512	-1.03750127757	-0.511747774505
7.85	0.9170105	0.459524722222	-1.26200709877	-0.157079632679	-1.03750127757	0.737994159022
7.9	0.938791	0.374632222222	-1.92302314815	-0.209439510239	-0.989019909463	2.44022886158
7.95	0.955598	0.260584722222	-2.41846759259	-0.261799387799	-0.814486984264	4.44412541017
8	0.9657165	0.125004444444	-2.71546959877	-0.296705972839	-0.513902501976	5.78005644256
8.05	0.9684605	-0.0198177777778	-2.78973333333	-0.314159265359	-0.184229198822	6.0009160084
8.1	0.9636585	-0.162829722222	-2.63882391975	-0.314159265359	0.126051557088	5.37065822296
8.15	0.9516535	-0.292312222222	-2.27089290123	-0.296705972839	0.349065850399	4.69730588808
8.2	0.9334745	-0.397689444444	-1.71155941358	-0.279252680319	0.562383870087	4.49260677828
8.25	0.9104935	-0.468766666667	-1.01703734568	-0.244346095279	0.824183257886	3.78693353133
8.3	0.8851115	-0.502018611111	-0.250421759259	-0.191986217719	0.989019909463	2.21398247707
8.35	0.8587005	-0.494968055556	0.546418055556	-0.13962634016	1.03750127757	0.657191878837
8.4	0.8340045	-0.446566944444	1.3163154321	-0.0872664625997	1.03750127757	-0.700286428269
8.45	0.812567	-0.360626388889	1.99591064815	-0.0349065850399	0.989019909463	-2.40252113083
8.5	0.7962745	-0.237622777778	2.45610231481	0.0174532925199	0.814486984264	-4.29868130584
8.55	0.7883855	-0.101661388889	2.62469104938	0.0523598775598	0.523598775598	-5.4891682339
8.6	0.786499	0.0302030555556	2.6324191358	0.0698131700798	0.213318019688	-5.66154643162
8.65	0.7911295	0.165021111111	2.5166566358	0.0698131700798	-0.0387850944888	-5.69925416238
8.7	0.803306	0.290501944444	2.19800540123	0.0698131700798	-0.349065850399	-5.71541461841
8.75	0.821142	0.393211388889	1.6763066358	0.0349065850399	-0.649650332687	-4.99358091543
8.8	0.84378	0.465050833333	0.990465432099	0	-0.862968352375	-3.88389626756
8.85	0.8693335	0.4964925	0.21178132716	-0.0523598775598	-1.03750127757	-2.55335205384
8.9	0.8954015	0.482200833333	-0.510953549383	-0.10471975512	-1.15385656104	-0.527908230541
8.95	0.918211	0.443232222222	-1.19250725309	-0.174532925199	-1.12476774017	2.04160427934
9	0.941192	0.367295833333	-1.92196450617	-0.226892802759	-0.901753446864	3.7438389819
9.05	0.95697	0.2461025	-2.52041481481	-0.261799387799	-0.698131700798	4.43335177281
9.1	0.966574	0.103852777778	-2.84764104938	-0.296705972839	-0.475117407487	5.18750638787
9.15	0.9681175	-0.0538319444444	-2.82255123457	-0.314159265359	-0.174532925199	5.74773553049
9.2	0.9602285	-0.192365833333	-2.47494614198	-0.314159265359	0.135747830711	5.6669332503
9.25	0.947709	-0.304126666667	-2.02094753086	-0.296705972839	0.387850944888	5.47300777786
9.3	0.929187	-0.396641388889	-1.49591404321	-0.279252680319	0.688435427176	4.97203364071
9.35	0.906549	-0.454665555556	-0.924988425926	-0.226892802759	0.950234814975	3.25902530079
9.4	0.883225	-0.492871944444	-0.261378703704	-0.174532925199	1.02780500395	1.21742102145
9.45	0.8556135	-0.490108888889	0.572619444444	-0.12217304764	1.03750127757	-0.290888208666
9.5	0.831775	-0.433323333333	1.36067253086	-0.0698131700798	0.998716183086	-1.70223470256
9.55	0.811195	-0.3455725	1.97304398148	-0.0174532925199	0.862968352375	-2.96275027345
9.6	0.796103	-0.229143055556	2.40814583333	0.0174532925199	0.688435427176	-3.96469854774
9.65	0.7876995	-0.0974691666667	2.65062777778	0.0523598775598	0.475117407487	-5.00435455279
9.7	0.7859845	0.0430655555556	2.70218364198	0.0698131700798	0.174532925199	-5.71002779973
9.75	0.791987	0.182456944444	2.5182657716	0.0698131700798	-0.135747830711	-5.65723697668
9.8	0.805021	0.303840833333	2.11840611111	0.0523598775598	-0.387850944888	-5.45469259435
9.85	0.8233715	0.400071388889	1.57709070988	0.0349065850399	-0.688435427176	-4.92247490887
9.9	0.846181	0.464136166667	1.01902759259	-0.0174532925199	-0.942477796077	-3.35491067328
9.95	0.871563	0.49392	0.603367700618	-0.0698131700798	-1.01810873033	-1.87030344535
10	0.896945	0.504781666667	0.360446419754	-0.12217304764	-1.0471975512	-1.03857864131
